t_ms,x,z,yaw,speed,turn,airborne,feeding,hunger,opto_p9,proboscis,per_rostrum,per_haustellum,labellum_spread,pumping,:unannotated_L,ascending:AN_L,ascending:AN_R,central:ALIN_L,central:ALIN_R,central:ALLN_L,central:ALLN_R,central:ALON_L,central:ALON_R,central:ALPN_L,central:ALPN_R,central:CX_L,central:CX_R,central:DAN_L,central:DAN_R,central:Kenyon_Cell_L,central:Kenyon_Cell_R,central:LHCENT_L,central:LHCENT_R,central:LHLN_L,central:LHLN_R,central:MBIN_L,central:MBIN_R,central:MBON_L,central:MBON_R,central:TPN_L,central:TPN_R,central:TuBu_L,central:TuBu_R,central:central_L,central:central_R,central:mAL_L,central:mAL_R,descending:descending_L,descending:descending_R,descending:ocellar_L,descending:ocellar_R,endocrine:endocrine_L,endocrine:endocrine_R,endocrine:pars_intercerebralis_L,endocrine:pars_intercerebralis_R,endocrine:pars_lateralis_L,endocrine:pars_lateralis_R,motor:brain_motor_neuron_L,motor:brain_motor_neuron_R,motor:motor_L,motor:motor_R,motor:neck_motor_neuron_R,optic:LA>ME_L,optic:LA>ME_R,optic:LA_L,optic:LA_R,optic:LO.LOP_L,optic:LO.LOP_R,optic:LO>LOP_L,optic:LO>LOP_R,optic:LO>ME_L,optic:LO>ME_R,optic:LOP>LO.ME_L,optic:LOP>LO.ME_R,optic:LOP>LO_L,optic:LOP>LO_R,optic:LOP>ME.LO_L,optic:LOP>ME.LO_R,optic:LOP>ME_L,optic:LOP>ME_R,optic:LOP_L,optic:LOP_R,optic:LO_L,optic:LO_R,optic:ME.LO.LOP_L,optic:ME.LO.LOP_R,optic:ME.LOP_L,optic:ME.LOP_R,optic:ME.LO_L,optic:ME.LO_R,optic:ME>LA_L,optic:ME>LA_R,optic:ME>LO.LOP_L,optic:ME>LO.LOP_R,optic:ME>LOP.LO_L,optic:ME>LOP.LO_R,optic:ME>LOP_L,optic:ME>LO_L,optic:ME>LO_R,optic:ME_L,optic:ME_R,optic:bilateral_L,optic:bilateral_R,optic:ocellar_L,optic:ocellar_R,optic:optic_L,optic:optic_R,optic:optic_lobes_L,optic:optic_lobes_R,sensory:gustatory_L,sensory:gustatory_R,sensory:hygrosensory_L,sensory:hygrosensory_R,sensory:mechanosensory_L,sensory:mechanosensory_R,sensory:olfactory_L,sensory:olfactory_R,sensory:optic_lobes_L,sensory:sensory_L,sensory:thermosensory_L,sensory:thermosensory_R,sensory:unknown_sensory_L,sensory:unknown_sensory_R,sensory:visual_L,sensory:visual_R,sensory_ascending:AN_L,sensory_ascending:AN_R,sensory_ascending:gustatory_L,sensory_ascending:gustatory_R,sensory_ascending:unknown_sensory_L,sensory_ascending:unknown_sensory_R,type:APL_L,type:APL_R,type:CEM_L,type:CEM_R,type:DNa02_L,type:DNa02_R,type:DNp01_L,type:DNp01_R,type:DNp02_L,type:DNp02_R,type:DNp09_L,type:DNp09_R,type:DNp11_L,type:DNp11_R,type:EPG_L,type:EPG_R,type:L1_L,type:L1_R,type:L2_L,type:L2_R,type:L3_L,type:L3_R,type:L4_L,type:L4_R,type:L5_L,type:L5_R,type:LC4_L,type:LC4_R,type:LC6_L,type:LC6_R,type:LPLC1_L,type:LPLC1_R,type:LPLC2_L,type:LPLC2_R,type:MDN_L,type:MDN_R,type:MN10_L,type:MN10_R,type:MN11D_L,type:MN11D_R,type:MN11V_L,type:MN11V_R,type:MN12D_L,type:MN12D_R,type:MN13_L,type:MN13_R,type:MN1_L,type:MN1_R,type:MN2Da_L,type:MN2Da_R,type:MN2Db_L,type:MN2Db_R,type:MN2V_L,type:MN2V_R,type:MN3L_L,type:MN3L_R,type:MN3M_L,type:MN3M_R,type:MN4a_L,type:MN4a_R,type:MN4b_L,type:MN4b_R,type:MN5_L,type:MN5_R,type:MN6_L,type:MN6_R,type:MN7_L,type:MN7_R,type:MN8_L,type:MN8_R,type:MN9_L,type:MN9_R,type:MNx01_R,type:MNx02_L,type:MNx02_R,type:MNx03_L,type:MNx03_R,type:MNx04_L,type:MNx04_R,type:MNx05_L,type:MNx05_R,type:Mi1_L,type:Mi1_R,type:R1-6_L,type:R1-6_R,type:R7_L,type:R7_R,type:R8_L,type:R8_R,type:T4a_L,type:T4a_R,type:T4b_L,type:T4b_R,type:T4c_L,type:T4c_R,type:T4d_L,type:T4d_R,type:T5a_L,type:T5a_R,type:T5b_L,type:T5b_R,type:T5c_L,type:T5c_R,type:T5d_L,type:T5d_R,type:Tm1_L,type:Tm1_R,type:Tm2_L,type:Tm2_R,type:Tm3_L,type:Tm3_R,type:Tm9_L,type:Tm9_R,visual_centrifugal:ocellar_L,visual_centrifugal:ocellar_R,visual_centrifugal:visual_centrifugal_L,visual_centrifugal:visual_centrifugal_R,visual_projection:bilateral_L,visual_projection:bilateral_R,visual_projection:ocellar_L,visual_projection:ocellar_R,visual_projection:visual_projection_L,visual_projection:visual_projection_R,vnc:abdomen_motor_neuron_L,vnc:abdomen_motor_neuron_R,vnc:ascending_neuron_L,vnc:ascending_neuron_R,vnc:bristle_neuron_L,vnc:bristle_neuron_R,vnc:campaniform_sensillum_neuron_L,vnc:campaniform_sensillum_neuron_R,vnc:central_complex_output_neuron_L,vnc:central_complex_output_neuron_R,vnc:chordotonal_organ_neuron_L,vnc:chordotonal_organ_neuron_R,vnc:hair_plate_neuron_L,vnc:hair_plate_neuron_R,vnc:haltere_motor_neuron_L,vnc:haltere_motor_neuron_R,vnc:hind_leg_motor_neuron_L,vnc:leg_motor_neuron_front_leg_L,vnc:leg_motor_neuron_front_leg_R,vnc:leg_motor_neuron_hind_leg_L,vnc:leg_motor_neuron_hind_leg_R,vnc:leg_motor_neuron_middle_leg_L,vnc:leg_motor_neuron_middle_leg_R,vnc:multidendritic_neuron_L,vnc:multidendritic_neuron_R,vnc:neck_motor_neuron_L,vnc:neck_motor_neuron_R,vnc:orphan_neuron_L,vnc:orphan_neuron_R,vnc:oxygenation_neuron_L,vnc:oxygenation_neuron_R,vnc:reproductive_tract_sensory_neuron_L,vnc:reproductive_tract_sensory_neuron_R,vnc:sequential_leg_neuromeres_L,vnc:sequential_leg_neuromeres_R,vnc:single_leg_neuromere_L,vnc:single_leg_neuromere_R,vnc:strand_neuron_L,vnc:taste_bristle_gustatory_neuron_L,vnc:taste_bristle_gustatory_neuron_R,vnc:taste_bristle_neuron_L,vnc:taste_bristle_neuron_R,vnc:taste_bristle_tactile_neuron_L,vnc:taste_bristle_tactile_neuron_R,vnc:thoracic_abdominal_segmental_motor_neuron_L,vnc:thoracic_abdominal_segmental_motor_neuron_R,vnc:thoracic_abdominal_segmental_sensory_neuron_L,vnc:thoracic_abdominal_segmental_sensory_neuron_R,vnc:unknown_L,vnc:unknown_R,vnc:unknown_motor_neuron_L,vnc:unknown_motor_neuron_R,vnc:unknown_thoracic_abdominal_motor_neuron_L,vnc:unknown_thoracic_abdominal_motor_neuron_R,vnc:uterus_motor_neuron_L,vnc:uterus_motor_neuron_R,vnc:ventral_nerve_cord_centrifugal_L,vnc:ventral_nerve_cord_centrifugal_R,vnc:ventral_nerve_cord_centripetal_L,vnc:ventral_nerve_cord_centripetal_R,vnc:ventral_nerve_cord_dorsal_L,vnc:ventral_nerve_cord_dorsal_R,vnc:ventral_nerve_cord_neurosecretory_cell_L,vnc:ventral_nerve_cord_neurosecretory_cell_R,vnc:ventral_nerve_cord_serially_convergent_L,vnc:ventral_nerve_cord_serially_convergent_R,vnc:wing_motor_neuron_L,vnc:wing_motor_neuron_R,vnc_type:DLM1-4_L,vnc_type:DLM1-4_R,vnc_type:DLM5_L,vnc_type:DLM5_R,vnc_type:PSI_L,vnc_type:PSI_R,vnc_type:TTMn_L,vnc_type:TTMn_R,vnc_type:tergotrochanter_L,vnc_type:tergotrochanter_R
121.5,-2.000,7.000,0.000,0.000,0.000,0,0,0.801,0,0.000,0.000,0.000,0.000,0.000,2.42,1.82,2.08,5.65,2.82,83.18,90.08,14.53,24.21,31.61,40.80,1.39,1.01,6.94,6.57,4.61,5.26,32.28,30.67,23.26,27.35,67.80,67.80,12.01,21.19,0.00,0.00,0.90,3.62,3.05,3.08,0.89,0.87,2.79,3.29,0.00,0.00,0.00,0.00,0.00,1.61,0.00,0.00,1.69,3.57,0.00,0.00,0.00,0.00,0.00,0.00,0.00,0.00,0.00,0.00,0.00,0.00,0.00,0.00,0.00,0.00,0.00,0.00,0.00,0.00,0.00,0.00,0.00,0.00,0.00,0.00,0.00,0.00,0.00,0.00,0.00,0.00,0.00,0.00,0.00,0.00,0.00,0.00,0.00,0.00,0.00,0.00,0.00,0.00,0.00,0.00,0.00,0.00,0.00,0.00,1.81,1.42,0.87,3.87,5.05,5.17,27.01,26.84,0.00,16.95,2.61,0.00,1.72,1.72,0.00,0.00,1.41,1.01,0.92,0.00,0.00,0.00,33.90,67.80,22.60,0.00,0.00,0.00,0.00,0.00,0.00,0.00,33.90,0.00,0.00,0.00,2.82,0.00,0.00,0.00,0.00,0.00,0.00,0.00,0.00,0.00,0.00,0.00,0.00,0.00,0.00,0.00,0.00,0.00,0.00,0.00,0.00,0.00,0.00,0.00,0.00,0.00,0.00,0.00,0.00,0.00,0.00,0.00,0.00,33.90,0.00,0.00,0.00,0.00,0.00,0.00,0.00,0.00,0.00,0.00,0.00,0.00,0.00,0.00,0.00,0.00,0.00,0.00,33.90,0.00,0.00,0.00,0.00,0.00,0.00,0.00,0.00,0.00,0.00,0.00,33.90,0.00,0.00,0.00,0.00,0.00,0.00,0.00,0.00,0.00,0.00,0.00,0.00,0.00,0.00,0.00,0.00,0.00,0.00,0.00,0.00,0.00,0.00,0.00,0.00,0.00,0.00,0.00,0.00,0.00,0.00,0.00,0.00,0.00,0.00,0.00,0.00,0.80,0.83,0.00,2.12,0.00,0.00,0.03,0.01,0.45,0.70,1.89,0.82,4.93,5.05,4.93,4.44,0.00,5.65,5.29,6.20,4.38,5.32,0.00,0.00,0.00,3.13,3.08,0.00,0.00,0.00,2.26,2.02,0.95,0.00,0.00,1.40,0.90,0.00,0.00,0.00,0.00,2.15,0.56,1.57,1.64,16.95,1.30,1.66,0.00,0.00,3.99,6.78,0.00,0.00,0.00,0.00,1.62,1.63,0.00,0.00,0.00,0.00,0.00,0.00,3.77,7.82,2.31,2.89,3.59,3.53,0.00,2.79,1.17,1.19,16.95,11.73,16.95,25.42,33.90,0.00,0.00,0.00,0.00,0.00,0.00,0.00
250.5,-2.000,7.000,0.000,0.000,0.000,0,0,0.801,0,0.000,0.000,0.000,0.000,0.000,0.00,1.28,1.33,2.49,4.98,78.50,86.61,21.32,17.06,27.05,33.84,1.08,1.06,3.60,3.62,3.25,2.41,41.22,25.59,21.89,23.40,29.85,29.85,7.46,11.82,0.00,0.00,0.80,0.80,2.41,2.44,1.57,0.00,1.62,2.11,0.00,0.00,0.00,0.00,1.42,2.84,0.00,0.00,1.49,0.00,0.00,0.00,0.00,0.00,0.00,0.00,0.00,0.00,0.00,0.00,0.00,0.00,0.00,0.00,0.00,0.00,0.00,0.00,0.00,0.00,0.00,0.00,0.00,0.00,0.00,0.00,0.00,0.00,0.00,0.00,0.00,0.00,0.00,0.00,0.00,0.00,0.00,0.00,0.00,0.00,0.00,0.00,0.00,0.00,0.00,0.00,0.00,0.00,0.00,0.00,1.06,1.61,0.77,0.00,2.83,3.93,20.06,19.52,0.00,0.00,2.30,1.87,1.52,1.52,0.00,0.00,1.08,1.48,0.00,0.00,0.00,3.73,0.00,0.00,0.00,9.95,0.00,0.00,0.00,0.00,0.00,0.00,0.00,0.00,0.00,0.00,2.49,2.60,0.00,0.00,0.00,0.00,0.00,0.00,0.00,0.00,0.00,0.00,0.00,0.00,0.00,0.00,0.00,0.00,0.00,0.00,0.00,14.93,0.00,0.00,0.00,0.00,0.00,0.00,0.00,0.00,0.00,0.00,0.00,0.00,0.00,29.85,0.00,0.00,0.00,0.00,0.00,0.00,0.00,0.00,0.00,0.00,0.00,0.00,0.00,0.00,0.00,0.00,0.00,0.00,0.00,0.00,0.00,0.00,0.00,0.00,0.00,0.00,0.00,0.00,0.00,0.00,0.00,0.00,0.00,0.00,0.00,0.00,0.00,0.00,0.00,0.00,0.00,0.00,0.00,0.00,0.00,0.00,0.00,0.00,0.00,0.00,0.00,0.00,0.00,0.00,0.00,0.00,0.00,0.00,0.00,0.00,0.00,0.00,0.00,0.00,0.00,0.47,0.12,0.00,0.00,0.00,0.00,0.02,0.02,1.59,1.54,1.43,1.23,3.44,3.76,4.21,2.79,0.00,0.00,4.34,3.87,4.26,2.43,0.00,0.00,0.00,0.92,0.90,1.99,1.00,4.48,1.49,2.49,1.47,0.00,0.00,1.54,0.53,4.26,0.00,0.00,1.07,0.95,1.47,1.33,0.83,0.00,1.08,0.96,0.00,0.00,3.07,1.99,0.00,4.26,0.00,0.00,1.12,1.21,0.00,0.00,0.00,0.00,0.00,0.00,0.00,0.00,2.26,0.46,1.76,0.93,0.49,1.40,0.26,0.52,10.33,4.59,0.00,0.00,0.00,0.00,0.00,0.00,0.00,0.00,0.00,0.00
350.5,-2.000,7.000,0.000,0.000,0.000,0,0,0.801,0,0.015,0.000,0.038,0.000,0.123,0.00,1.28,1.46,7.46,4.98,76.29,82.83,8.53,12.79,25.30,31.41,1.08,1.14,3.96,3.80,2.27,1.51,36.96,28.43,18.61,21.21,29.85,29.85,6.84,8.71,0.00,0.00,1.19,1.19,2.93,3.01,1.57,0.00,4.30,3.51,0.00,0.00,0.00,9.95,0.00,0.00,2.30,0.00,0.00,0.00,0.00,0.00,0.00,0.00,0.00,0.00,0.00,0.00,0.00,0.00,0.00,0.00,0.00,0.00,0.00,0.00,0.00,0.00,0.00,0.00,0.00,0.00,0.00,0.00,0.00,0.00,0.00,0.00,0.00,0.00,0.00,0.00,0.00,0.00,0.00,0.00,0.00,0.00,0.00,0.00,0.00,0.00,0.00,0.00,0.00,0.00,0.00,0.00,0.00,0.00,0.71,0.36,0.00,0.85,3.39,3.53,18.31,19.02,0.00,14.93,2.30,3.73,0.51,1.52,0.00,0.00,0.62,0.79,0.00,1.61,0.00,3.73,0.00,29.85,0.00,0.00,0.00,29.85,0.00,29.85,0.00,29.85,0.00,0.00,0.00,29.85,1.24,1.30,0.00,0.00,0.00,0.00,0.00,0.00,0.00,0.00,0.00,0.00,0.00,0.00,0.00,0.00,0.00,0.00,0.00,0.00,0.00,0.00,0.00,0.00,0.00,0.00,0.00,0.00,0.00,0.00,0.00,0.00,0.00,0.00,0.00,0.00,0.00,0.00,0.00,0.00,0.00,0.00,0.00,0.00,0.00,0.00,0.00,0.00,0.00,0.00,0.00,0.00,0.00,0.00,0.00,0.00,0.00,0.00,0.00,0.00,0.00,0.00,0.00,0.00,0.00,0.00,0.00,0.00,0.00,0.00,0.00,0.00,0.00,0.00,0.00,0.00,0.00,0.00,0.00,0.00,0.00,0.00,0.00,0.00,0.00,0.00,0.00,0.00,0.00,0.00,0.00,0.00,0.00,0.00,0.00,0.00,0.00,0.00,0.00,0.00,0.00,0.83,0.49,0.00,1.87,0.00,0.00,0.02,0.01,0.40,0.31,1.07,1.85,3.22,3.45,3.55,3.21,0.00,0.00,3.25,4.01,3.25,3.12,0.00,0.00,0.00,3.21,1.81,5.47,1.49,3.98,0.50,1.42,1.05,6.89,2.99,0.62,0.53,4.26,0.00,0.00,1.07,1.90,0.98,1.86,1.16,0.00,1.40,0.90,0.00,0.00,3.51,4.64,3.73,0.00,3.32,2.99,1.53,1.27,0.00,0.00,0.00,0.00,0.00,0.00,3.32,1.15,1.58,2.55,2.11,2.49,0.98,1.40,2.06,1.31,4.59,4.59,0.00,0.00,0.00,0.00,0.00,0.00,0.00,0.00,0.00,0.00
450.5,-2.000,7.000,0.000,0.000,0.000,0,0,0.802,0,0.045,0.000,0.113,0.142,0.023,0.00,1.85,1.26,7.46,2.49,77.81,81.42,12.79,12.79,24.16,30.20,0.93,0.95,3.96,4.52,2.04,2.71,34.12,29.85,16.15,21.90,29.85,29.85,5.60,18.66,0.00,0.00,1.59,0.80,2.48,2.46,0.00,0.77,2.27,2.76,29.85,0.00,0.00,0.00,1.42,4.26,0.00,0.00,0.00,0.00,0.00,0.00,0.00,0.00,0.00,0.00,0.00,0.00,0.00,0.00,0.00,0.00,0.00,0.00,0.00,0.00,0.00,0.00,0.00,0.00,0.00,0.00,0.00,0.00,0.00,0.00,0.00,0.00,0.00,0.00,0.00,0.00,0.00,0.00,0.00,0.00,0.00,0.00,0.00,0.00,0.01,0.01,0.00,0.00,0.00,0.00,0.00,0.00,0.00,0.00,0.71,0.71,0.77,0.85,2.78,3.17,17.71,17.49,0.00,0.00,0.00,0.00,2.53,1.01,0.00,0.00,1.08,1.58,0.81,0.00,0.00,0.00,0.00,0.00,0.00,0.00,0.00,0.00,0.00,0.00,0.00,0.00,0.00,0.00,0.00,0.00,1.24,0.00,0.00,0.00,0.00,0.00,0.00,0.00,0.00,0.00,0.00,0.00,0.00,0.00,0.00,0.00,0.00,0.00,0.00,0.00,0.00,0.00,0.00,0.00,0.00,0.00,0.00,0.00,0.00,0.00,0.00,0.00,0.00,0.00,0.00,0.00,0.00,0.00,0.00,0.00,0.00,0.00,0.00,0.00,0.00,0.00,0.00,0.00,0.00,0.00,0.00,29.85,29.85,0.00,29.85,0.00,0.00,0.00,0.00,0.00,0.00,0.00,0.00,0.00,29.85,0.00,0.00,0.00,0.00,0.00,0.00,0.00,0.00,0.00,0.00,0.00,0.00,0.00,0.00,0.00,0.00,0.00,0.00,0.00,0.00,0.00,0.00,0.00,0.00,0.00,0.00,0.00,0.00,0.00,0.00,0.00,0.00,0.00,0.00,0.00,0.00,0.83,0.61,0.00,1.87,0.00,0.00,0.02,0.02,0.00,0.31,0.83,1.13,3.39,3.18,3.02,2.65,0.00,0.00,3.32,2.90,2.03,2.95,0.00,2.30,0.00,3.67,0.90,2.49,1.49,1.99,1.00,1.07,0.63,2.30,0.00,1.85,1.58,0.00,4.26,0.00,0.00,2.37,2.45,2.16,1.78,0.00,1.33,1.13,0.00,0.00,1.32,1.33,0.00,0.00,3.32,0.00,1.16,1.28,0.00,0.00,0.00,0.00,0.00,0.00,0.00,1.15,0.68,1.62,1.05,1.24,0.98,0.00,1.03,1.31,3.44,4.59,0.00,0.00,0.00,0.00,0.00,0.00,0.00,0.00,0.00,0.00
550.5,-2.000,7.000,0.000,0.000,0.000,0,0,0.802,0,0.009,0.000,0.021,0.027,0.004,0.00,1.18,1.43,4.98,2.49,76.29,80.44,17.06,12.79,23.02,29.33,0.95,1.14,2.70,1.99,1.27,2.03,41.22,29.85,16.97,19.71,0.00,0.00,4.98,6.84,0.00,0.00,0.80,2.79,2.43,2.11,0.79,1.53,1.48,1.54,0.00,0.00,0.00,0.00,2.84,1.42,2.30,1.99,0.00,0.00,0.00,0.00,0.00,0.00,0.00,0.00,0.00,0.00,0.00,0.00,0.00,0.00,0.00,0.00,0.00,0.00,0.00,0.00,0.00,0.00,0.00,0.00,0.00,0.00,0.00,0.00,0.00,0.00,0.00,0.00,0.00,0.00,0.00,0.00,0.00,0.00,0.00,0.00,0.00,0.00,0.01,0.01,0.00,0.00,0.00,0.00,0.00,0.00,0.00,0.00,1.41,0.54,0.77,0.85,3.26,2.98,17.09,17.86,0.00,0.00,0.00,0.00,1.01,1.52,0.00,0.00,1.24,0.99,3.23,0.00,0.00,3.73,0.00,0.00,0.00,0.00,0.00,29.85,0.00,0.00,0.00,0.00,0.00,0.00,29.85,0.00,0.00,0.00,0.00,0.00,0.00,0.00,0.00,0.00,0.00,0.00,0.00,0.00,0.00,0.00,0.00,0.00,0.00,0.00,0.00,0.00,0.00,0.00,0.00,0.00,0.00,0.00,0.00,0.00,0.00,0.00,0.00,0.00,0.00,0.00,0.00,0.00,0.00,0.00,0.00,0.00,0.00,0.00,0.00,0.00,0.00,0.00,0.00,0.00,0.00,0.00,0.00,0.00,0.00,0.00,0.00,0.00,0.00,0.00,0.00,0.00,0.00,0.00,0.00,0.00,0.00,0.00,0.00,0.00,0.00,0.00,0.00,0.00,0.00,0.00,0.00,0.00,0.00,0.00,0.00,0.00,0.00,0.00,0.00,0.00,0.00,0.00,0.00,0.00,0.00,0.00,0.00,0.00,0.00,0.00,0.00,0.00,0.00,0.00,0.00,0.00,0.00,0.24,0.24,0.00,0.00,0.00,0.00,0.02,0.00,0.40,0.31,0.95,1.13,3.01,2.93,1.97,2.51,0.00,0.00,2.36,3.45,3.45,3.64,0.00,2.30,0.00,0.46,1.36,2.99,0.50,1.99,1.00,1.07,0.63,0.00,0.00,0.31,1.06,0.00,4.26,4.98,1.07,0.47,0.49,0.97,0.98,0.00,1.27,1.18,0.00,0.00,4.83,3.98,0.00,0.00,3.32,2.99,0.79,1.09,0.00,0.00,0.00,0.00,0.00,0.00,0.00,2.30,0.45,0.46,0.70,0.93,0.98,1.05,2.06,1.05,2.30,4.59,0.00,0.00,0.00,0.00,0.00,0.00,0.00,0.00,0.00,0.00
650.5,-2.000,7.000,0.000,0.000,0.000,0,0,0.803,0,0.002,0.000,0.004,0.005,0.407,2.13,0.85,1.26,4.98,2.49,77.81,81.56,17.06,4.26,21.97,30.20,1.14,0.97,2.70,4.34,2.59,2.51,36.96,28.43,18.03,20.17,29.85,29.85,11.82,13.06,0.00,0.00,0.80,1.99,2.48,2.41,1.57,0.00,2.73,2.29,0.00,0.00,19.90,0.00,1.42,0.00,0.00,0.00,1.49,1.57,0.00,0.00,0.00,0.00,0.00,0.00,0.00,0.00,0.00,0.00,0.00,0.00,0.00,0.00,0.00,0.00,0.00,0.00,0.00,0.00,0.00,0.00,0.00,0.00,0.00,0.00,0.00,0.00,0.00,0.00,0.00,0.00,0.00,0.00,0.00,0.00,0.00,0.00,0.00,0.00,0.00,0.00,0.00,0.00,0.00,0.00,0.00,0.00,0.00,0.00,1.94,0.18,0.77,0.00,3.11,2.98,17.74,17.36,0.00,0.00,2.30,1.87,1.52,3.54,0.00,0.00,0.93,0.99,0.00,0.00,0.00,3.73,0.00,0.00,0.00,0.00,29.85,0.00,0.00,0.00,0.00,0.00,29.85,0.00,0.00,29.85,1.24,2.60,0.00,0.00,0.00,0.00,0.00,0.00,0.00,0.00,0.00,0.00,0.00,0.00,0.00,0.00,0.00,0.00,0.00,0.00,0.00,0.00,0.00,0.00,0.00,0.00,0.00,0.00,0.00,0.00,0.00,0.00,0.00,0.00,0.00,0.00,0.00,0.00,0.00,0.00,0.00,0.00,0.00,0.00,0.00,0.00,0.00,0.00,0.00,0.00,0.00,0.00,0.00,0.00,0.00,0.00,0.00,0.00,0.00,0.00,0.00,0.00,0.00,0.00,0.00,0.00,0.00,0.00,0.00,0.00,0.00,0.00,0.00,0.00,0.00,0.00,0.00,0.00,0.00,0.00,0.00,0.00,0.00,0.00,0.00,0.00,0.00,0.00,0.00,0.00,0.00,0.00,0.00,0.00,0.00,0.00,0.00,0.00,0.00,0.00,0.00,0.47,0.36,1.61,1.87,0.00,0.00,0.03,0.01,0.80,0.62,0.83,0.82,2.99,3.27,3.29,2.09,0.00,4.98,3.44,3.32,3.25,2.43,0.00,0.00,0.00,0.92,3.62,1.00,2.99,1.99,4.98,1.07,0.42,0.00,0.00,0.00,0.79,0.00,0.00,0.00,0.00,4.26,2.45,0.91,0.95,14.93,0.89,0.62,0.00,0.00,2.19,1.99,3.73,0.00,0.00,0.00,1.10,1.05,0.00,0.00,0.00,0.00,0.00,0.00,1.11,1.15,1.36,1.16,1.40,0.62,0.00,0.00,0.26,0.26,8.04,2.30,0.00,0.00,0.00,0.00,0.00,0.00,0.00,0.00,0.00,0.00
750.5,-2.000,7.000,0.000,0.000,0.000,0,0,0.803,0,0.000,0.000,0.001,0.143,0.077,0.00,1.03,1.26,0.00,2.49,74.35,80.72,17.06,17.06,20.40,28.64,1.08,0.93,3.42,3.80,1.96,2.15,29.85,21.32,16.97,19.13,29.85,29.85,8.08,10.57,0.00,0.00,1.59,0.80,2.32,2.66,0.00,0.00,1.53,2.39,0.00,0.00,0.00,0.00,0.00,0.00,0.00,1.99,0.00,0.00,0.00,0.00,0.00,0.00,0.00,0.00,0.00,0.00,0.00,0.00,0.00,0.00,0.00,0.00,0.00,0.00,0.00,0.00,0.00,0.00,0.00,0.00,0.00,0.00,0.00,0.00,0.00,0.00,0.00,0.00,0.00,0.00,0.00,0.00,0.00,0.00,0.00,0.00,0.00,0.00,0.00,0.00,0.00,0.00,0.00,0.00,0.00,0.00,0.00,0.00,0.71,1.61,0.00,0.00,2.89,3.10,17.45,17.26,0.00,0.00,2.30,3.73,0.00,0.00,0.00,0.00,0.77,1.09,0.00,0.81,0.00,0.00,29.85,29.85,0.00,0.00,29.85,0.00,0.00,0.00,0.00,0.00,0.00,0.00,0.00,0.00,0.00,1.30,0.00,0.00,0.00,0.00,0.00,0.00,0.00,0.00,0.00,0.00,0.00,0.00,0.00,0.00,0.00,0.00,0.00,0.00,0.00,0.00,0.00,0.00,0.00,0.00,0.00,0.00,0.00,0.00,0.00,0.00,0.00,0.00,0.00,0.00,0.00,0.00,0.00,0.00,0.00,0.00,0.00,0.00,0.00,0.00,0.00,0.00,0.00,0.00,0.00,0.00,0.00,0.00,29.85,0.00,0.00,0.00,0.00,29.85,29.85,0.00,0.00,0.00,0.00,0.00,0.00,0.00,0.00,0.00,0.00,0.00,0.00,0.00,0.00,0.00,0.00,0.00,0.00,0.00,0.00,0.00,0.00,0.00,0.00,0.00,0.00,0.00,0.00,0.00,0.00,0.00,0.00,0.00,0.00,0.00,0.00,0.00,0.00,0.00,0.00,0.35,0.73,0.00,0.00,0.00,0.00,0.01,0.01,0.40,0.00,1.07,1.33,2.84,3.04,3.02,3.35,0.00,0.00,2.74,3.18,3.05,3.47,2.49,0.00,0.00,1.84,1.81,3.98,3.48,2.99,1.49,0.71,1.26,4.59,0.00,0.31,1.85,0.00,0.00,0.00,2.13,0.00,0.98,1.08,0.66,0.00,1.21,0.73,0.00,14.93,1.76,3.98,0.00,0.00,3.32,0.00,1.00,0.92,0.00,0.00,0.00,0.00,0.00,0.00,0.00,1.15,1.36,1.39,0.35,0.93,2.94,3.51,0.51,0.52,3.44,5.74,0.00,0.00,0.00,0.00,0.00,0.00,0.00,0.00,0.00,0.00
850.5,-2.000,7.000,0.000,0.000,0.000,0,0,0.803,0,0.009,0.000,0.023,0.027,0.015,2.13,1.18,1.13,7.46,2.49,74.90,82.83,12.79,12.79,21.71,28.98,0.93,0.87,2.70,4.16,2.89,2.97,34.12,27.01,16.39,20.40,29.85,59.70,8.71,14.93,0.00,0.00,1.59,0.80,2.53,2.26,0.79,0.77,2.31,1.87,0.00,0.00,0.00,0.00,2.84,0.00,0.00,1.99,1.49,0.00,0.00,0.00,0.00,0.00,0.00,0.00,0.00,0.00,0.00,0.00,0.00,0.00,0.00,0.00,0.00,0.00,0.00,0.00,0.00,0.00,0.00,0.00,0.00,0.00,0.00,0.00,0.00,0.00,0.00,0.00,0.00,0.00,0.00,0.00,0.00,0.00,0.00,0.00,0.00,0.00,0.00,0.00,0.00,0.00,0.00,0.00,0.00,0.00,0.00,0.00,1.41,1.25,0.00,0.00,3.13,3.12,18.13,17.99,0.00,0.00,2.30,0.00,1.01,1.01,0.00,0.00,0.77,0.89,0.00,0.81,0.00,0.00,0.00,0.00,0.00,0.00,0.00,0.00,0.00,0.00,0.00,0.00,0.00,0.00,0.00,0.00,1.24,0.00,0.00,0.00,0.00,0.00,0.00,0.00,0.00,0.00,0.00,0.00,0.00,0.00,0.00,0.00,0.00,0.00,0.00,0.00,0.00,0.00,0.00,0.00,0.00,0.00,0.00,0.00,0.00,0.00,0.00,0.00,0.00,0.00,29.85,0.00,0.00,0.00,0.00,0.00,0.00,0.00,0.00,0.00,0.00,0.00,0.00,0.00,0.00,0.00,0.00,0.00,14.93,0.00,0.00,0.00,0.00,0.00,0.00,0.00,0.00,0.00,0.00,0.00,0.00,0.00,0.00,0.00,0.00,0.00,0.00,0.00,0.00,0.00,0.00,0.00,0.00,0.00,0.00,0.00,0.00,0.00,0.00,0.00,0.00,0.00,0.00,0.00,0.00,0.00,0.00,0.00,0.00,0.00,0.00,0.00,0.00,0.00,0.00,0.00,0.00,0.12,0.24,0.00,0.00,0.00,0.00,0.02,0.01,0.80,0.00,1.55,1.33,2.80,3.25,3.16,1.95,0.00,4.98,3.38,3.45,3.25,3.82,0.00,0.00,0.00,1.84,0.45,1.99,0.50,1.49,0.00,0.71,1.26,0.00,0.00,1.85,0.26,0.00,0.00,0.00,2.13,0.00,0.00,0.78,0.85,0.00,0.76,0.56,0.00,0.00,2.63,1.99,0.00,0.00,0.00,0.00,0.95,1.07,0.00,0.00,0.00,0.00,0.00,0.00,2.21,1.15,0.68,0.69,1.05,1.24,0.98,0.35,0.51,0.79,2.30,4.59,0.00,0.00,0.00,0.00,0.00,0.00,0.00,0.00,0.00,0.00
950.5,-2.000,7.000,0.000,0.000,0.000,0,0,0.804,0,0.018,0.000,0.045,0.005,0.003,2.13,1.10,1.23,4.98,2.49,74.49,79.60,8.53,8.53,21.80,30.02,0.93,0.87,2.70,2.71,2.95,2.15,36.96,28.43,19.90,18.67,59.70,0.00,11.82,9.95,0.00,0.00,0.40,0.80,2.31,2.20,0.00,1.53,1.06,2.01,0.00,0.00,0.00,0.00,1.42,0.00,0.00,1.99,0.00,0.00,0.00,0.00,0.00,0.00,0.00,0.00,0.00,0.00,0.00,0.00,0.00,0.00,0.00,0.00,0.00,0.00,0.00,0.00,0.00,0.00,0.00,0.00,0.00,0.00,0.00,0.00,0.00,0.00,0.00,0.00,0.00,0.00,0.00,0.00,0.00,0.00,0.00,0.00,0.00,0.00,0.00,0.00,0.00,0.00,0.00,0.00,0.00,0.00,0.00,0.00,1.06,1.07,0.00,0.00,2.56,2.77,17.01,17.97,0.00,0.00,0.00,1.87,0.00,1.52,0.00,0.00,0.46,0.89,0.81,0.81,0.00,3.73,0.00,0.00,0.00,0.00,0.00,29.85,0.00,0.00,0.00,0.00,0.00,0.00,0.00,0.00,1.24,1.30,0.00,0.00,0.00,0.00,0.00,0.00,0.00,0.00,0.00,0.00,0.00,0.00,0.00,0.00,0.00,0.00,0.00,0.00,0.00,0.00,0.00,0.00,0.00,0.00,0.00,0.00,0.00,0.00,0.00,0.00,0.00,0.00,0.00,0.00,0.00,0.00,0.00,0.00,0.00,0.00,0.00,0.00,0.00,0.00,0.00,0.00,0.00,0.00,0.00,0.00,0.00,0.00,0.00,0.00,0.00,0.00,0.00,0.00,0.00,0.00,0.00,0.00,0.00,0.00,0.00,0.00,0.00,0.00,0.00,0.00,0.00,0.00,0.00,0.00,0.00,0.00,0.00,0.00,0.00,0.00,0.00,0.00,0.00,0.00,0.00,0.00,0.00,0.00,0.00,0.00,0.00,0.00,0.00,0.00,0.00,0.00,0.00,0.00,0.00,0.12,0.12,0.00,0.00,0.00,0.00,0.03,0.01,0.00,0.31,1.55,1.23,2.91,3.06,3.02,3.21,0.00,0.00,3.06,2.56,4.06,2.95,0.00,0.00,0.00,1.38,1.81,3.98,1.49,0.50,1.49,1.42,0.42,9.18,0.00,0.62,1.06,0.00,0.00,0.00,1.07,2.37,0.49,1.10,0.98,0.00,0.70,1.01,0.00,0.00,2.63,0.66,0.00,4.26,3.32,0.00,1.00,1.05,0.00,0.00,0.00,0.00,0.00,0.00,0.00,0.00,2.04,0.93,0.70,0.31,0.98,1.40,0.51,0.79,4.59,6.89,0.00,0.00,0.00,0.00,0.00,0.00,0.00,0.00,0.00,0.00
1050.5,-2.000,7.000,0.000,0.000,0.000,0,0,0.804,0,0.003,0.000,0.009,0.001,0.001,0.00,1.00,1.16,2.49,2.49,75.18,78.62,17.06,8.53,22.32,29.33,1.01,0.99,2.88,2.71,1.13,2.05,32.69,25.59,16.15,18.33,0.00,29.85,1.87,4.35,0.00,0.00,1.19,1.19,1.94,2.01,0.79,0.00,1.99,2.62,0.00,0.00,9.95,0.00,5.69,1.42,0.00,1.99,0.00,0.00,0.00,0.00,0.00,0.00,0.00,0.00,0.00,0.00,0.00,0.00,0.00,0.00,0.00,0.00,0.00,0.00,0.00,0.00,0.00,0.00,0.00,0.00,0.00,0.00,0.00,0.00,0.00,0.00,0.00,0.00,0.00,0.00,0.00,0.00,0.00,0.00,0.00,0.00,0.00,0.00,0.00,0.00,0.00,0.00,0.00,0.00,0.00,0.00,0.00,0.00,0.71,0.89,0.00,1.71,2.89,3.00,16.18,17.23,0.00,0.00,2.30,1.87,1.01,1.01,0.00,0.00,0.77,1.09,0.81,0.00,0.00,0.00,0.00,0.00,0.00,0.00,0.00,0.00,0.00,0.00,0.00,0.00,0.00,0.00,0.00,0.00,0.00,0.00,0.00,0.00,0.00,0.00,0.00,0.00,0.00,0.00,0.00,0.00,0.00,0.00,0.00,0.00,0.00,0.00,0.00,0.00,0.00,0.00,0.00,0.00,0.00,0.00,0.00,0.00,0.00,0.00,0.00,0.00,0.00,0.00,0.00,0.00,0.00,0.00,0.00,0.00,0.00,0.00,0.00,0.00,0.00,0.00,0.00,0.00,0.00,0.00,0.00,0.00,0.00,0.00,0.00,0.00,0.00,0.00,0.00,0.00,0.00,0.00,0.00,0.00,0.00,0.00,0.00,0.00,0.00,0.00,0.00,0.00,0.00,0.00,0.00,0.00,0.00,0.00,0.00,0.00,0.00,0.00,0.00,0.00,0.00,0.00,0.00,0.00,0.00,0.00,0.00,0.00,0.00,0.00,0.00,0.00,0.00,0.00,0.00,0.00,0.00,0.24,0.12,0.00,0.00,0.00,0.00,0.01,0.01,0.40,0.00,1.07,0.92,3.01,2.89,2.89,3.77,0.00,0.00,2.87,2.90,3.66,1.56,0.00,2.30,0.00,2.76,0.00,2.99,1.99,1.00,0.50,1.07,0.63,4.59,0.00,0.62,0.53,0.00,4.26,0.00,3.20,0.95,1.96,0.82,1.18,0.00,0.89,1.18,0.00,0.00,4.83,3.98,0.00,0.00,3.32,0.00,1.01,0.91,0.00,0.00,0.00,0.00,0.00,0.00,0.00,0.00,1.36,1.16,1.05,0.62,1.96,1.40,0.77,0.52,2.30,1.15,0.00,0.00,0.00,0.00,0.00,0.00,0.00,0.00,0.00,0.00
1150.5,-2.000,7.000,0.000,0.000,0.000,0,0,0.805,0,0.092,0.082,0.108,0.000,0.000,0.00,0.82,1.40,7.46,7.46,75.73,78.20,17.06,12.79,23.99,30.54,0.61,1.10,2.16,3.98,2.74,2.32,29.85,24.16,18.73,19.13,29.85,29.85,9.95,13.68,0.00,0.00,1.19,1.59,2.41,2.82,0.79,0.00,1.25,2.20,0.00,0.00,0.00,0.00,0.00,1.42,0.00,1.99,0.00,0.00,0.00,0.00,0.00,0.00,0.00,0.00,0.00,0.00,0.00,0.00,0.00,0.00,0.00,0.00,0.00,0.00,0.00,0.00,0.00,0.00,0.00,0.00,0.00,0.00,0.00,0.00,0.00,0.00,0.00,0.00,0.00,0.00,0.00,0.00,0.00,0.00,0.00,0.00,0.00,0.00,0.00,0.00,0.00,0.00,0.00,0.00,0.00,0.00,0.00,0.00,0.53,0.54,0.77,0.85,2.89,3.28,17.14,17.13,0.00,0.00,0.00,1.87,2.02,0.51,0.00,0.00,0.31,0.69,0.81,0.00,0.00,0.00,0.00,0.00,0.00,0.00,0.00,0.00,0.00,59.70,0.00,0.00,0.00,0.00,29.85,0.00,0.00,1.30,0.00,0.00,0.00,0.00,0.00,0.00,0.00,0.00,0.00,0.00,0.00,0.00,0.00,0.00,0.00,0.00,0.00,0.00,0.00,0.00,0.00,0.00,0.00,0.00,0.00,0.00,0.00,0.00,0.00,0.00,0.00,0.00,29.85,29.85,29.85,29.85,0.00,0.00,0.00,0.00,0.00,0.00,0.00,0.00,0.00,0.00,0.00,0.00,29.85,29.85,0.00,0.00,0.00,0.00,0.00,0.00,0.00,0.00,0.00,0.00,0.00,0.00,0.00,0.00,0.00,0.00,0.00,0.00,0.00,0.00,0.00,0.00,0.00,0.00,0.00,0.00,0.00,0.00,0.00,0.00,0.00,0.00,0.00,0.00,0.00,0.00,0.00,0.00,0.00,0.00,0.00,0.00,0.00,0.00,0.00,0.00,0.00,0.00,0.00,0.12,0.49,0.00,0.00,0.00,0.00,0.01,0.02,0.80,0.31,1.07,1.03,2.56,2.67,3.16,2.51,0.00,4.98,3.32,3.25,2.03,2.43,0.00,0.00,0.00,2.76,0.90,0.50,0.50,0.00,2.99,1.42,1.26,0.00,0.00,2.15,1.32,0.00,0.00,0.00,0.00,0.00,2.94,1.16,1.47,0.00,1.08,1.24,0.00,0.00,3.07,5.97,0.00,0.00,3.32,0.00,0.95,1.03,0.00,0.00,0.00,14.93,0.00,0.00,2.21,2.30,1.36,0.69,1.05,0.62,1.47,0.35,0.77,0.52,3.44,4.59,0.00,0.00,0.00,0.00,0.00,29.85,0.00,0.00,0.00,0.00
1250.5,-2.000,7.000,0.000,0.000,0.000,0,0,0.805,0,0.017,0.016,0.020,0.000,0.000,0.00,1.75,1.26,2.49,4.98,76.70,80.72,12.79,12.79,21.27,27.68,0.80,0.99,3.78,3.80,2.71,1.41,36.96,28.43,20.13,19.94,29.85,0.00,6.22,9.95,0.00,0.00,1.99,1.19,2.24,2.20,0.79,1.53,2.36,2.62,0.00,0.00,0.00,0.00,5.69,2.84,0.00,0.00,0.00,0.00,0.00,0.00,0.00,0.00,0.00,0.00,0.00,0.00,0.00,0.00,0.00,0.00,0.00,0.00,0.00,0.00,0.00,0.00,0.00,0.00,0.00,0.00,0.00,0.00,0.00,0.00,0.00,0.00,0.00,0.00,0.00,0.00,0.00,0.00,0.00,0.00,0.00,0.00,0.00,0.00,0.00,0.00,0.00,0.00,0.00,0.00,0.00,0.00,0.00,0.00,0.88,0.89,0.00,1.71,2.80,3.00,16.49,18.28,0.00,0.00,0.00,1.87,1.01,0.00,0.00,0.00,1.70,1.48,1.61,0.81,0.00,0.00,0.00,29.85,9.95,0.00,0.00,0.00,0.00,0.00,0.00,0.00,0.00,0.00,29.85,0.00,2.49,1.30,0.00,0.00,0.00,0.00,0.00,0.00,0.00,0.00,0.00,0.00,0.00,0.00,0.00,0.00,0.00,0.00,0.00,0.00,0.00,0.00,0.00,0.00,0.00,0.00,0.00,0.00,0.00,0.00,0.00,0.00,0.00,0.00,0.00,0.00,0.00,0.00,0.00,0.00,0.00,0.00,0.00,0.00,0.00,0.00,0.00,0.00,0.00,0.00,0.00,0.00,0.00,0.00,0.00,0.00,0.00,0.00,0.00,0.00,0.00,0.00,0.00,0.00,0.00,0.00,0.00,0.00,0.00,0.00,0.00,0.00,0.00,0.00,0.00,0.00,0.00,0.00,0.00,0.00,0.00,0.00,0.00,0.00,0.00,0.00,0.00,0.00,0.00,0.00,0.00,0.00,0.00,0.00,0.00,0.00,0.00,0.00,0.00,0.00,0.00,0.24,0.36,0.00,0.00,0.00,0.00,0.01,0.02,0.40,0.00,0.95,0.92,2.85,3.17,2.63,3.07,0.00,0.00,2.55,3.32,4.26,2.08,0.00,2.30,0.00,3.21,1.36,2.49,1.99,1.99,1.00,0.71,1.68,4.59,0.00,1.23,0.53,0.00,0.00,0.00,2.13,0.47,0.49,1.20,1.14,0.00,0.76,1.13,0.00,0.00,4.39,1.99,0.00,4.26,0.00,0.00,1.07,0.99,0.00,0.00,0.00,0.00,0.00,0.00,2.21,0.00,1.36,0.93,0.70,0.62,0.49,0.35,2.32,1.31,1.15,3.44,0.00,0.00,0.00,0.00,0.00,0.00,0.00,0.00,0.00,0.00
1350.5,-2.000,7.000,0.000,0.000,0.000,0,0,0.805,0,0.177,0.172,0.184,0.047,0.292,4.26,1.53,1.23,4.98,2.49,74.21,78.90,17.06,12.79,22.85,29.16,1.14,1.01,4.32,3.98,2.13,2.64,31.27,24.16,14.87,18.67,29.85,29.85,11.19,15.55,0.00,0.00,0.40,1.19,2.57,2.31,2.36,0.77,2.55,2.62,0.00,0.00,0.00,0.00,1.42,0.00,0.00,1.99,0.00,0.00,0.00,0.00,0.00,0.00,0.00,0.00,0.00,0.00,0.00,0.00,0.00,0.00,0.00,0.00,0.00,0.00,0.00,0.00,0.00,0.00,0.00,0.00,0.00,0.00,0.00,0.00,0.00,0.00,0.00,0.00,0.00,0.00,0.00,0.00,0.00,0.00,0.00,0.00,0.00,0.00,0.00,0.00,0.00,0.00,0.00,0.00,0.00,0.00,0.00,0.00,0.71,0.89,0.77,0.00,2.98,3.14,17.27,17.02,0.00,0.00,4.59,0.00,1.01,0.51,0.00,0.00,0.93,0.89,1.61,0.00,0.00,3.73,0.00,0.00,0.00,0.00,0.00,0.00,0.00,0.00,0.00,0.00,29.85,29.85,0.00,0.00,0.00,1.30,0.00,0.00,0.00,0.00,0.00,0.00,0.00,0.00,0.00,0.00,0.00,0.00,0.00,0.00,0.00,0.00,0.00,0.00,0.00,0.00,0.00,0.00,0.00,0.00,0.00,0.00,0.00,0.00,0.00,0.00,0.00,0.00,0.00,0.00,0.00,0.00,0.00,0.00,0.00,0.00,0.00,0.00,0.00,0.00,0.00,0.00,0.00,0.00,29.85,29.85,14.93,0.00,0.00,0.00,0.00,0.00,0.00,0.00,0.00,0.00,0.00,0.00,0.00,0.00,0.00,0.00,0.00,0.00,0.00,0.00,0.00,0.00,0.00,0.00,0.00,0.00,0.00,0.00,0.00,0.00,0.00,0.00,0.00,0.00,0.00,0.00,0.00,0.00,0.00,0.00,0.00,0.00,0.00,0.00,0.00,0.00,0.00,0.00,0.00,0.24,0.49,0.00,0.00,0.00,0.00,0.01,0.01,0.40,0.62,1.19,1.74,2.94,3.13,2.89,3.63,0.00,0.00,2.81,2.56,2.44,1.74,0.00,0.00,0.00,2.30,2.26,1.99,3.48,2.49,2.49,0.00,0.84,4.59,2.99,0.92,0.53,0.00,0.00,4.98,0.00,0.95,0.98,0.84,0.68,0.00,1.14,0.84,0.00,0.00,2.19,2.65,0.00,0.00,0.00,2.99,1.01,1.08,0.00,0.00,29.85,0.00,0.00,0.00,1.11,1.15,0.90,0.93,1.40,2.80,0.49,1.76,1.03,0.52,2.30,3.44,0.00,0.00,0.00,0.00,0.00,0.00,0.00,0.00,0.00,0.00
1450.5,-2.000,7.000,0.000,0.000,0.000,0,0,0.806,0,0.033,0.033,0.035,0.009,0.055,0.00,1.14,0.90,7.46,0.00,73.94,81.00,12.79,12.79,23.20,29.68,1.10,0.91,2.70,1.99,2.70,1.57,34.12,28.43,16.39,19.36,59.70,0.00,13.68,6.22,0.00,0.00,1.19,1.19,2.34,2.20,0.00,1.53,1.80,2.01,0.00,0.00,0.00,0.00,1.42,1.42,2.30,1.99,0.00,0.00,0.00,0.00,0.00,0.00,0.00,0.00,0.00,0.00,0.00,0.00,0.00,0.00,0.00,0.00,0.00,0.00,0.00,0.00,0.00,0.00,0.00,0.00,0.00,0.00,0.00,0.00,0.00,0.00,0.00,0.00,0.00,0.00,0.00,0.00,0.00,0.00,0.00,0.00,0.00,0.00,0.00,0.00,0.00,0.00,0.00,0.00,0.00,0.00,0.00,0.00,0.71,1.07,0.00,0.85,2.98,3.10,17.66,18.31,7.46,0.00,2.30,5.60,0.51,1.52,0.00,0.00,1.24,0.59,0.00,1.61,7.46,0.00,0.00,0.00,0.00,0.00,0.00,0.00,0.00,0.00,0.00,0.00,0.00,0.00,0.00,0.00,0.00,0.00,0.00,0.00,0.00,0.00,0.00,0.00,0.00,0.00,0.00,0.00,0.00,0.00,0.00,0.00,0.00,0.00,0.00,0.00,29.85,29.85,0.00,0.00,0.00,0.00,0.00,0.00,0.00,0.00,0.00,0.00,0.00,0.00,0.00,0.00,0.00,0.00,0.00,0.00,0.00,0.00,0.00,0.00,0.00,0.00,0.00,0.00,0.00,0.00,0.00,0.00,29.85,0.00,0.00,0.00,0.00,0.00,0.00,0.00,0.00,0.00,0.00,0.00,0.00,0.00,0.00,0.00,0.00,0.00,0.00,0.00,0.00,0.00,0.00,0.00,0.00,0.00,0.00,0.00,0.00,0.00,0.00,0.00,0.00,0.00,0.00,0.00,0.00,0.00,0.00,0.00,0.00,0.00,0.00,0.00,0.00,0.00,0.00,0.00,0.00,0.24,0.36,0.00,0.00,0.00,0.00,0.02,0.01,0.40,0.31,1.55,1.23,3.12,2.93,2.24,3.63,0.00,0.00,2.93,3.39,3.25,3.47,0.00,0.00,0.00,2.30,1.36,1.99,4.48,1.99,1.00,0.71,0.84,0.00,0.00,1.54,1.32,0.00,4.26,0.00,1.07,1.42,0.98,1.86,0.96,0.00,1.40,1.07,0.00,0.00,3.95,3.32,0.00,0.00,0.00,2.99,1.06,1.16,0.00,0.00,0.00,0.00,0.00,0.00,0.00,2.30,3.17,1.39,1.40,0.93,0.49,2.46,2.06,1.31,2.30,2.30,0.00,0.00,0.00,0.00,0.00,0.00,0.00,0.00,0.00,0.00
1550.5,-2.000,7.000,0.000,0.000,0.000,0,0,0.806,0,0.006,0.006,0.007,0.002,0.010,0.00,1.10,1.03,2.49,2.49,73.94,79.18,17.06,17.06,20.83,27.68,0.97,0.97,2.88,4.52,2.43,2.89,38.38,24.16,16.39,20.05,29.85,59.70,13.06,14.93,0.00,0.00,0.00,0.00,2.15,2.04,0.00,0.77,1.20,1.40,0.00,0.00,0.00,0.00,5.69,4.26,2.30,1.99,0.00,0.00,0.00,0.00,0.00,0.00,0.00,0.00,0.00,0.00,0.00,0.00,0.00,0.00,0.00,0.00,0.00,0.00,0.00,0.00,0.00,0.00,0.00,0.00,0.00,0.00,0.00,0.00,0.00,0.00,0.00,0.00,0.00,0.00,0.00,0.00,0.00,0.00,0.00,0.00,0.00,0.00,0.00,0.00,0.00,0.00,0.00,0.00,0.00,0.00,0.00,0.00,0.71,0.89,0.00,0.85,2.93,3.47,17.74,17.15,7.46,0.00,0.00,0.00,1.01,0.00,0.00,0.00,0.77,0.69,1.61,0.81,0.00,3.73,0.00,0.00,0.00,0.00,0.00,0.00,0.00,0.00,0.00,0.00,0.00,0.00,0.00,0.00,1.24,0.00,0.00,0.00,0.00,0.00,0.00,0.00,0.00,0.00,0.00,0.00,0.00,0.00,0.00,0.00,0.00,0.00,0.00,0.00,0.00,0.00,0.00,0.00,0.00,0.00,0.00,0.00,0.00,0.00,0.00,0.00,0.00,0.00,0.00,0.00,0.00,0.00,0.00,0.00,0.00,0.00,0.00,0.00,0.00,0.00,0.00,0.00,0.00,0.00,0.00,0.00,0.00,0.00,0.00,0.00,0.00,0.00,0.00,0.00,0.00,0.00,0.00,0.00,0.00,0.00,0.00,0.00,0.00,0.00,0.00,0.00,0.00,0.00,0.00,0.00,0.00,0.00,0.00,0.00,0.00,0.00,0.00,0.00,0.00,0.00,0.00,0.00,0.00,0.00,0.00,0.00,0.00,0.00,0.00,0.00,0.00,0.00,0.00,0.00,0.00,0.24,0.24,0.00,0.00,0.00,0.00,0.01,0.00,0.00,0.31,1.19,1.54,2.82,2.80,2.50,2.51,0.00,0.00,2.62,3.87,4.87,2.78,0.00,0.00,0.00,0.46,0.90,0.50,0.50,4.48,0.50,0.71,0.21,0.00,0.00,0.00,0.79,4.26,0.00,0.00,2.13,0.00,0.49,1.27,0.89,0.00,1.21,1.07,0.00,14.93,2.63,1.99,0.00,0.00,0.00,0.00,0.96,1.04,0.00,0.00,0.00,0.00,0.00,0.00,1.11,0.00,0.90,2.55,0.00,0.93,1.96,1.40,0.51,1.31,0.00,1.15,0.00,0.00,0.00,0.00,0.00,0.00,0.00,0.00,0.00,0.00
1650.5,-2.000,7.000,0.000,0.000,0.000,0,0,0.807,0,0.054,0.048,0.063,0.070,0.002,0.00,0.89,1.30,2.49,2.49,75.18,79.32,12.79,8.53,23.81,31.67,0.89,0.91,3.96,3.80,2.94,3.05,28.43,24.16,17.44,20.40,29.85,29.85,13.06,13.68,0.00,0.00,1.59,0.80,2.39,2.42,0.00,0.00,2.36,2.48,0.00,0.00,0.00,0.00,1.42,0.00,2.30,0.00,0.00,0.00,0.00,0.00,0.00,0.00,0.00,0.00,0.00,0.00,0.00,0.00,0.00,0.00,0.00,0.00,0.00,0.00,0.00,0.00,0.00,0.00,0.00,0.00,0.00,0.00,0.00,0.00,0.00,0.00,0.00,0.00,0.00,0.00,0.00,0.00,0.00,0.00,0.00,0.00,0.00,0.00,0.00,0.00,0.00,0.00,0.00,0.00,0.00,0.00,0.00,0.00,1.06,0.54,0.00,0.00,2.58,2.86,16.44,17.68,0.00,0.00,2.30,0.00,1.52,1.52,0.00,0.00,1.24,0.89,0.81,1.61,0.00,0.00,0.00,0.00,0.00,0.00,0.00,0.00,0.00,0.00,0.00,0.00,0.00,0.00,29.85,0.00,0.00,2.60,0.00,0.00,0.00,0.00,0.00,0.00,0.00,0.00,0.00,0.00,0.00,0.00,0.00,0.00,0.00,0.00,0.00,0.00,0.00,0.00,0.00,0.00,0.00,0.00,0.00,0.00,0.00,0.00,0.00,0.00,0.00,0.00,0.00,0.00,0.00,0.00,0.00,0.00,0.00,0.00,0.00,0.00,0.00,0.00,0.00,0.00,0.00,0.00,0.00,0.00,0.00,0.00,0.00,0.00,0.00,0.00,0.00,0.00,0.00,0.00,0.00,0.00,0.00,0.00,0.00,0.00,0.00,0.00,0.00,0.00,0.00,0.00,0.00,0.00,0.00,0.00,0.00,0.00,0.00,0.00,0.00,0.00,0.00,0.00,0.00,0.00,0.00,0.00,0.00,0.00,0.00,0.00,0.00,0.00,0.00,0.00,0.00,0.00,0.00,0.12,0.61,0.00,0.00,0.00,0.00,0.02,0.01,0.40,0.00,1.07,1.13,2.53,3.00,3.42,3.91,0.00,0.00,2.74,2.76,2.23,1.91,0.00,0.00,0.00,1.38,0.90,3.48,1.99,1.99,1.99,0.36,1.05,0.00,0.00,0.00,0.26,0.00,0.00,0.00,1.07,0.47,0.49,0.66,0.79,0.00,1.02,0.68,0.00,0.00,3.07,1.99,3.73,0.00,0.00,0.00,1.01,0.97,0.00,0.00,0.00,0.00,0.00,0.00,1.11,0.00,1.13,1.16,2.11,0.93,0.49,1.76,0.51,0.79,5.74,1.15,0.00,0.00,0.00,0.00,0.00,0.00,0.00,0.00,0.00,0.00
1750.5,-2.000,7.000,0.000,0.000,0.000,0,0,0.807,0,0.010,0.009,0.012,0.013,0.000,2.13,1.28,1.00,4.98,4.98,75.18,79.74,17.06,12.79,21.88,30.20,0.84,0.80,3.24,4.34,2.53,2.74,32.69,22.74,16.62,18.90,29.85,29.85,12.44,12.44,0.00,0.00,0.40,1.99,2.19,2.39,0.79,0.77,1.99,2.15,0.00,0.00,0.00,0.00,0.00,0.00,2.30,0.00,0.00,0.00,0.00,0.00,0.00,0.00,0.00,0.00,0.00,0.00,0.00,0.00,0.00,0.00,0.00,0.00,0.00,0.00,0.00,0.00,0.00,0.00,0.00,0.00,0.00,0.00,0.00,0.00,0.00,0.00,0.00,0.00,0.00,0.00,0.00,0.00,0.00,0.00,0.00,0.00,0.00,0.00,0.00,0.00,0.00,0.00,0.00,0.00,0.00,0.00,0.00,0.00,0.71,1.61,1.53,0.00,3.07,2.56,17.43,17.20,0.00,0.00,0.00,0.00,1.52,0.51,0.00,0.00,1.08,0.89,0.81,1.61,0.00,0.00,0.00,0.00,9.95,0.00,0.00,0.00,0.00,0.00,0.00,0.00,29.85,0.00,29.85,0.00,0.00,1.30,0.00,0.00,0.00,0.00,0.00,0.00,0.00,0.00,0.00,0.00,0.00,0.00,0.00,0.00,0.00,0.00,0.00,0.00,29.85,29.85,0.00,0.00,0.00,0.00,0.00,0.00,0.00,0.00,0.00,0.00,0.00,0.00,0.00,0.00,0.00,0.00,0.00,0.00,0.00,0.00,0.00,0.00,0.00,0.00,0.00,0.00,0.00,0.00,0.00,0.00,0.00,0.00,0.00,0.00,0.00,0.00,0.00,0.00,0.00,0.00,0.00,0.00,0.00,0.00,0.00,0.00,0.00,0.00,0.00,0.00,0.00,0.00,0.00,0.00,0.00,0.00,0.00,0.00,0.00,0.00,0.00,0.00,0.00,0.00,0.00,0.00,0.00,0.00,0.00,0.00,0.00,0.00,0.00,0.00,0.00,0.00,0.00,0.00,0.00,0.83,0.36,0.00,0.00,0.00,0.00,0.01,0.02,0.40,0.92,1.90,1.95,3.26,2.65,3.81,2.65,0.00,0.00,2.55,3.04,2.23,2.78,0.00,0.00,0.00,3.67,1.81,0.50,0.50,0.00,0.50,1.07,0.84,0.00,0.00,1.54,1.06,0.00,4.26,0.00,1.07,0.95,0.98,0.91,1.06,0.00,1.08,1.46,0.00,0.00,2.19,3.32,0.00,4.26,0.00,0.00,1.09,1.13,0.00,0.00,29.85,0.00,0.00,0.00,1.11,1.15,1.81,0.93,1.76,0.93,0.00,0.70,1.03,1.05,8.04,4.59,22.39,29.85,29.85,0.00,0.00,0.00,0.00,0.00,0.00,0.00
1850.5,-2.000,7.000,0.000,0.000,0.000,0,0,0.807,0,0.002,0.002,0.002,0.003,0.047,2.13,1.32,1.43,2.49,2.49,77.81,80.44,12.79,21.32,24.42,26.47,0.74,0.91,2.70,1.99,2.02,1.44,32.69,32.69,17.79,20.52,29.85,29.85,5.60,6.22,0.00,0.00,0.40,1.19,2.24,2.33,2.36,0.00,0.69,1.17,0.00,0.00,0.00,0.00,0.00,1.42,0.00,0.00,0.00,0.00,0.00,0.00,0.00,0.00,0.00,0.00,0.00,0.00,0.00,0.00,0.00,0.00,0.00,0.00,0.00,0.00,0.00,0.00,0.00,0.00,0.00,0.00,0.00,0.00,0.00,0.00,0.00,0.00,0.00,0.00,0.00,0.00,0.00,0.00,0.00,0.00,0.00,0.00,0.00,0.00,0.00,0.00,0.00,0.00,0.00,0.00,0.00,0.00,0.00,0.00,1.06,1.97,1.53,1.71,2.76,2.63,17.27,17.86,0.00,14.93,0.00,0.00,0.00,1.01,0.00,0.00,0.77,0.69,3.23,2.42,0.00,0.00,0.00,29.85,0.00,0.00,0.00,0.00,0.00,0.00,0.00,0.00,0.00,0.00,29.85,0.00,4.98,1.30,0.00,0.00,0.00,0.00,0.00,0.00,0.00,0.00,0.00,0.00,0.00,0.00,0.00,0.00,0.00,0.00,0.00,0.00,29.85,29.85,0.00,0.00,0.00,0.00,0.00,0.00,0.00,0.00,0.00,0.00,0.00,0.00,0.00,0.00,0.00,0.00,0.00,0.00,0.00,0.00,0.00,0.00,0.00,0.00,0.00,0.00,0.00,0.00,0.00,0.00,0.00,0.00,0.00,0.00,0.00,0.00,0.00,0.00,0.00,0.00,0.00,0.00,0.00,0.00,0.00,0.00,0.00,0.00,0.00,0.00,0.00,0.00,0.00,0.00,0.00,0.00,0.00,0.00,0.00,0.00,0.00,0.00,0.00,0.00,0.00,0.00,0.00,0.00,0.00,0.00,0.00,0.00,0.00,0.00,0.00,0.00,0.00,0.00,0.00,0.12,0.61,0.00,0.00,0.00,0.00,0.02,0.01,0.00,0.00,0.71,1.03,3.08,2.93,2.24,3.49,0.00,4.98,2.55,3.11,2.84,2.08,0.00,0.00,0.00,2.76,3.62,3.98,6.97,4.98,5.47,0.71,0.63,11.48,2.99,1.23,1.58,4.26,0.00,0.00,2.13,1.42,1.96,1.12,1.33,0.00,0.64,0.90,0.00,0.00,3.51,3.32,0.00,0.00,0.00,0.00,1.02,1.07,0.00,0.00,0.00,14.93,0.00,0.00,1.11,1.15,1.36,1.85,0.70,0.31,0.49,1.05,1.03,1.05,1.15,1.15,0.00,0.00,0.00,0.00,0.00,0.00,0.00,0.00,0.00,0.00
1950.5,-2.000,7.000,0.000,0.000,0.000,0,0,0.808,0,0.000,0.000,0.000,0.000,0.009,0.00,1.03,1.00,9.95,2.49,73.52,78.48,21.32,12.79,25.21,29.07,1.29,0.99,3.96,4.16,2.45,1.17,31.27,22.74,16.04,18.90,29.85,29.85,10.57,9.33,0.00,0.00,1.19,1.19,2.62,2.72,0.00,1.53,3.10,2.85,0.00,0.00,0.00,0.00,1.42,0.00,0.00,0.00,0.00,0.00,0.00,0.00,0.00,0.00,0.00,0.00,0.00,0.00,0.00,0.00,0.00,0.00,0.00,0.00,0.00,0.00,0.00,0.00,0.00,0.00,0.00,0.00,0.00,0.00,0.00,0.00,0.00,0.00,0.00,0.00,0.00,0.00,0.00,0.00,0.00,0.00,0.00,0.00,0.00,0.00,0.01,0.01,0.00,0.00,0.00,0.00,0.00,0.00,0.00,0.00,1.77,1.43,0.00,3.41,2.65,2.75,17.74,16.70,0.00,0.00,0.00,1.87,1.52,0.00,0.00,0.00,1.24,0.89,0.00,0.81,0.00,0.00,0.00,29.85,0.00,9.95,29.85,0.00,0.00,0.00,0.00,0.00,0.00,0.00,29.85,0.00,0.00,0.00,0.00,0.00,0.00,0.00,0.00,0.00,0.00,0.00,0.00,0.00,0.00,0.00,0.00,0.00,0.00,0.00,0.00,0.00,0.00,0.00,0.00,0.00,0.00,0.00,0.00,0.00,0.00,0.00,0.00,0.00,0.00,0.00,0.00,0.00,0.00,0.00,0.00,0.00,0.00,0.00,0.00,0.00,0.00,0.00,0.00,0.00,0.00,0.00,0.00,0.00,0.00,0.00,0.00,0.00,0.00,0.00,0.00,0.00,0.00,0.00,29.85,0.00,0.00,0.00,0.00,0.00,0.00,0.00,0.00,0.00,0.00,0.00,0.00,0.00,0.00,0.00,0.00,0.00,0.00,0.00,0.00,0.00,0.00,0.00,0.00,0.00,0.00,0.00,0.00,0.00,0.00,0.00,0.00,0.00,0.00,0.00,0.00,0.00,0.00,1.30,0.97,1.61,1.87,0.00,0.00,0.02,0.00,0.40,0.62,1.07,0.92,3.20,2.81,3.42,3.91,0.00,0.00,4.40,3.80,3.86,2.26,0.00,0.00,0.00,1.84,0.00,1.99,1.00,1.99,0.00,0.71,1.26,0.00,0.00,0.92,1.58,0.00,0.00,9.95,0.00,0.00,0.49,0.84,1.12,0.00,0.83,1.13,0.00,0.00,5.27,2.65,0.00,0.00,0.00,0.00,1.04,0.99,0.00,0.00,0.00,14.93,0.00,0.00,0.00,0.00,1.13,1.16,1.76,1.24,1.47,1.40,0.77,0.79,0.00,0.00,0.00,0.00,0.00,0.00,0.00,0.00,0.00,0.00,0.00,0.00
2050.5,-2.000,7.000,0.000,0.000,0.000,0,0,0.808,0,0.000,0.000,0.000,0.000,0.002,2.13,1.03,0.86,0.00,4.98,75.18,78.48,12.79,17.06,23.64,29.07,0.87,0.82,2.88,3.44,2.31,1.64,34.12,21.32,16.86,17.63,0.00,29.85,8.71,8.71,0.00,0.00,0.00,1.19,2.12,2.19,1.57,0.77,1.30,1.54,29.85,0.00,0.00,0.00,0.00,1.42,2.30,3.98,2.99,0.00,0.00,0.00,0.00,0.00,0.00,0.00,0.00,0.00,0.00,0.00,0.00,0.00,0.00,0.00,0.00,0.00,0.00,0.00,0.00,0.00,0.00,0.00,0.00,0.00,0.00,0.00,0.00,0.00,0.00,0.00,0.00,0.00,0.00,0.00,0.00,0.00,0.00,0.00,0.00,0.00,0.00,0.00,0.00,0.00,0.00,0.00,0.00,0.00,0.00,0.00,0.35,1.07,2.30,1.71,2.96,3.00,16.31,16.81,0.00,0.00,0.00,0.00,1.01,0.51,0.00,0.00,0.46,0.69,4.03,0.81,0.00,0.00,0.00,0.00,0.00,0.00,0.00,0.00,0.00,0.00,0.00,0.00,0.00,0.00,0.00,29.85,0.00,0.00,0.00,0.00,0.00,0.00,0.00,0.00,0.00,0.00,0.00,0.00,0.00,0.00,0.00,0.00,0.00,0.00,0.00,0.00,0.00,0.00,0.00,0.00,0.00,0.00,0.00,0.00,0.00,0.00,0.00,0.00,0.00,0.00,0.00,0.00,0.00,0.00,0.00,0.00,0.00,0.00,0.00,0.00,0.00,0.00,0.00,0.00,0.00,0.00,0.00,0.00,0.00,0.00,0.00,0.00,0.00,0.00,0.00,0.00,0.00,0.00,0.00,0.00,0.00,0.00,0.00,0.00,0.00,0.00,0.00,0.00,0.00,0.00,0.00,0.00,0.00,0.00,0.00,0.00,0.00,0.00,0.00,0.00,0.00,0.00,0.00,0.00,0.00,0.00,0.00,0.00,0.00,0.00,0.00,0.00,0.00,0.00,0.00,0.00,0.00,0.00,0.12,0.00,0.00,0.00,0.00,0.01,0.01,3.18,0.92,1.07,1.23,3.27,2.89,2.24,2.37,0.00,4.98,2.55,2.97,2.84,2.95,2.49,0.00,0.00,2.30,1.36,2.49,0.50,1.00,1.00,0.71,0.63,2.30,0.00,1.23,0.79,0.00,0.00,9.95,0.00,1.42,0.98,0.87,0.62,0.00,0.89,0.68,0.00,0.00,3.07,1.33,0.00,0.00,3.32,0.00,0.96,1.02,0.00,0.00,0.00,0.00,0.00,0.00,0.00,1.15,2.04,0.69,0.35,0.00,1.96,1.05,1.03,1.57,1.15,1.15,0.00,0.00,0.00,0.00,0.00,0.00,0.00,0.00,0.00,0.00
2150.5,-2.000,7.000,0.000,0.000,0.000,0,0,0.809,0,0.120,0.067,0.200,0.129,0.000,2.13,1.85,1.53,7.46,4.98,75.18,77.22,21.32,17.06,24.34,29.24,0.87,0.93,3.42,5.25,3.23,2.01,36.96,27.01,17.68,18.33,29.85,29.85,8.08,11.19,0.00,0.00,1.59,1.19,2.63,2.78,0.79,0.00,2.36,2.76,0.00,0.00,0.00,9.95,1.42,0.00,0.00,0.00,0.00,0.00,0.00,0.00,0.00,0.00,0.00,0.00,0.00,0.00,0.00,0.00,0.00,0.00,0.00,0.00,0.00,0.00,0.00,0.00,0.00,0.00,0.00,0.00,0.00,0.00,0.00,0.00,0.00,0.00,0.00,0.00,0.00,0.00,0.00,0.00,0.00,0.00,0.00,0.00,0.00,0.00,0.00,0.00,0.00,0.00,0.00,0.00,0.00,0.00,0.00,0.00,1.24,1.43,0.00,0.85,3.53,2.82,17.74,17.55,0.00,0.00,0.00,1.87,0.51,1.01,0.00,0.00,0.46,1.09,0.00,0.00,0.00,0.00,0.00,29.85,0.00,0.00,0.00,0.00,0.00,0.00,0.00,0.00,0.00,29.85,0.00,0.00,0.00,1.30,0.00,0.00,0.00,0.00,0.00,0.00,0.00,0.00,0.00,0.00,0.00,0.00,0.00,0.00,0.00,0.00,0.00,0.00,0.00,0.00,0.00,0.00,0.00,0.00,0.00,0.00,0.00,0.00,0.00,0.00,0.00,0.00,0.00,0.00,0.00,0.00,0.00,0.00,0.00,0.00,0.00,0.00,0.00,0.00,0.00,0.00,0.00,0.00,29.85,29.85,29.85,0.00,0.00,0.00,0.00,0.00,0.00,0.00,0.00,0.00,0.00,0.00,0.00,0.00,0.00,0.00,0.00,0.00,0.00,0.00,0.00,0.00,0.00,0.00,0.00,0.00,0.00,0.00,0.00,0.00,0.00,0.00,0.00,0.00,0.00,0.00,0.00,0.00,0.00,0.00,0.00,0.00,0.00,0.00,0.00,0.00,0.00,0.00,0.00,0.35,0.36,0.00,0.00,0.00,0.00,0.02,0.01,0.40,0.62,0.83,1.44,2.74,2.71,3.42,4.18,0.00,0.00,2.81,3.32,3.25,3.30,0.00,0.00,0.00,0.46,0.45,1.99,0.50,0.50,0.50,1.42,0.63,0.00,0.00,0.92,0.53,4.26,0.00,0.00,1.07,0.00,0.49,1.41,0.87,0.00,0.76,1.07,29.85,0.00,1.76,1.99,0.00,0.00,0.00,2.99,1.06,1.12,0.00,0.00,0.00,0.00,0.00,0.00,2.21,0.00,1.13,1.16,2.11,2.18,2.94,2.11,0.77,1.05,8.04,0.00,0.00,0.00,0.00,0.00,0.00,0.00,0.00,0.00,0.00,0.00
2250.5,-2.000,7.000,0.000,0.000,0.000,0,0,0.809,0,0.023,0.013,0.038,0.024,0.000,0.00,1.00,1.26,4.98,2.49,74.35,77.64,12.79,8.53,22.67,26.03,1.10,1.22,4.14,3.44,2.35,2.53,35.54,25.59,15.80,19.13,59.70,29.85,9.95,13.06,0.00,0.00,0.80,0.00,2.44,2.22,0.79,2.30,2.36,2.67,0.00,0.00,0.00,0.00,1.42,2.84,4.59,0.00,0.00,0.00,0.00,0.00,0.00,0.00,0.00,0.00,0.00,0.00,0.00,0.00,0.00,0.00,0.00,0.00,0.00,0.00,0.00,0.00,0.00,0.00,0.00,0.00,0.00,0.00,0.00,0.00,0.00,0.00,0.00,0.00,0.00,0.00,0.00,0.00,0.00,0.00,0.00,0.00,0.00,0.00,0.00,0.00,0.00,0.00,0.00,0.00,0.00,0.00,0.00,0.00,1.41,0.71,1.53,0.00,3.00,2.40,16.51,17.10,0.00,0.00,0.00,0.00,2.02,0.00,0.00,0.00,1.24,0.59,0.00,1.61,0.00,0.00,0.00,0.00,0.00,0.00,0.00,0.00,0.00,0.00,0.00,0.00,29.85,29.85,0.00,0.00,0.00,0.00,0.00,0.00,0.00,0.00,0.00,0.00,0.00,0.00,0.00,0.00,0.00,0.00,0.00,0.00,0.00,0.00,0.00,0.00,0.00,0.00,0.00,0.00,0.00,0.00,0.00,0.00,0.00,0.00,0.00,0.00,0.00,0.00,0.00,0.00,0.00,0.00,0.00,0.00,0.00,0.00,0.00,0.00,0.00,0.00,0.00,0.00,0.00,0.00,0.00,0.00,0.00,0.00,0.00,0.00,0.00,0.00,0.00,0.00,0.00,0.00,0.00,0.00,0.00,0.00,0.00,0.00,0.00,0.00,0.00,0.00,0.00,0.00,0.00,0.00,0.00,0.00,0.00,0.00,0.00,0.00,0.00,0.00,0.00,0.00,0.00,0.00,0.00,0.00,0.00,0.00,0.00,0.00,0.00,0.00,0.00,0.00,0.00,0.00,0.00,0.83,0.85,0.00,1.87,0.00,0.00,0.01,0.01,0.80,0.31,1.31,0.92,3.13,3.22,2.89,2.79,0.00,0.00,3.95,2.69,2.03,2.08,0.00,0.00,0.00,0.46,1.81,4.98,3.48,0.50,5.47,1.42,0.42,2.30,0.00,0.62,1.06,0.00,0.00,0.00,0.00,0.47,3.43,0.85,1.20,14.93,0.89,0.79,0.00,0.00,3.07,3.32,0.00,0.00,3.32,0.00,0.96,1.11,0.00,0.00,0.00,0.00,0.00,0.00,0.00,0.00,0.23,1.62,1.05,1.87,2.45,1.76,1.03,1.57,4.59,2.30,0.00,0.00,0.00,0.00,0.00,0.00,0.00,0.00,0.00,0.00
2350.5,-2.000,7.000,0.000,0.000,0.000,0,0,0.809,0,0.034,0.002,0.081,0.075,0.000,0.00,1.42,0.93,2.49,2.49,73.94,79.60,12.79,8.53,19.43,29.07,0.89,0.87,2.16,2.89,2.75,2.52,36.96,24.16,17.21,19.25,29.85,29.85,9.33,9.95,0.00,0.00,1.19,0.80,2.22,2.16,0.00,0.00,1.71,1.78,0.00,0.00,9.95,0.00,2.84,1.42,2.30,1.99,0.00,0.00,0.00,0.00,0.00,0.00,0.00,0.00,0.00,0.00,0.00,0.00,0.00,0.00,0.00,0.00,0.00,0.00,0.00,0.00,0.00,0.00,0.00,0.00,0.00,0.00,0.00,0.00,0.00,0.00,0.00,0.00,0.00,0.00,0.00,0.00,0.00,0.00,0.00,0.00,0.00,0.00,0.00,0.00,0.00,0.00,0.00,0.00,0.00,0.00,0.00,0.00,0.71,1.43,0.77,0.00,2.58,2.93,16.59,18.34,0.00,0.00,2.30,3.73,1.01,1.52,0.00,0.00,0.62,0.89,1.61,0.00,0.00,0.00,0.00,0.00,0.00,0.00,0.00,0.00,0.00,29.85,0.00,0.00,0.00,0.00,0.00,0.00,0.00,1.30,0.00,0.00,0.00,0.00,0.00,0.00,0.00,0.00,0.00,0.00,0.00,0.00,0.00,0.00,0.00,0.00,0.00,0.00,0.00,0.00,0.00,0.00,0.00,0.00,0.00,0.00,0.00,0.00,0.00,0.00,0.00,0.00,0.00,0.00,0.00,0.00,0.00,29.85,0.00,0.00,0.00,0.00,0.00,0.00,0.00,0.00,0.00,0.00,0.00,0.00,0.00,0.00,0.00,0.00,0.00,0.00,0.00,0.00,0.00,0.00,0.00,0.00,0.00,0.00,0.00,0.00,0.00,0.00,0.00,0.00,0.00,0.00,0.00,0.00,0.00,0.00,0.00,0.00,0.00,0.00,0.00,0.00,0.00,0.00,0.00,0.00,0.00,0.00,0.00,0.00,0.00,0.00,0.00,0.00,0.00,0.00,0.00,0.00,0.00,0.12,0.00,0.00,0.00,0.00,0.00,0.02,0.01,0.40,0.62,0.83,1.03,2.96,2.67,1.58,3.21,0.00,0.00,3.13,2.69,3.25,2.95,0.00,0.00,0.00,2.30,1.36,4.48,0.50,2.99,0.50,0.71,0.84,4.59,0.00,1.54,0.26,8.53,0.00,0.00,1.07,0.47,0.49,0.87,0.96,0.00,0.76,1.13,0.00,0.00,1.76,1.33,0.00,0.00,3.32,0.00,1.18,0.95,0.00,0.00,0.00,0.00,0.00,0.00,2.21,1.15,1.13,2.08,0.70,0.93,3.43,2.46,0.51,0.79,3.44,3.44,0.00,0.00,0.00,0.00,0.00,0.00,0.00,0.00,0.00,0.00
2450.5,-2.000,7.000,0.000,0.000,0.000,0,0,0.810,0,0.006,0.000,0.015,0.014,0.000,0.00,1.03,1.26,4.98,7.46,74.49,80.30,12.79,17.06,21.97,28.98,1.01,1.03,3.42,3.26,2.18,2.31,28.43,24.16,16.86,20.40,29.85,29.85,8.71,11.19,0.00,0.00,1.59,1.19,2.38,2.30,2.36,1.53,2.27,1.78,0.00,0.00,0.00,0.00,0.00,1.42,0.00,1.99,0.00,0.00,0.00,0.00,0.00,0.00,0.00,0.00,0.00,0.00,0.00,0.00,0.00,0.00,0.00,0.00,0.00,0.00,0.00,0.00,0.00,0.00,0.00,0.00,0.00,0.00,0.00,0.00,0.00,0.00,0.00,0.00,0.00,0.00,0.00,0.00,0.00,0.00,0.00,0.00,0.00,0.00,0.01,0.00,0.00,0.00,0.00,0.00,0.00,0.00,0.00,0.00,0.53,1.25,1.53,0.85,3.07,2.70,16.72,18.81,0.00,0.00,0.00,1.87,0.51,0.51,0.00,0.00,0.93,0.89,2.42,0.81,7.46,3.73,0.00,0.00,0.00,0.00,0.00,0.00,0.00,0.00,0.00,0.00,0.00,0.00,0.00,0.00,1.24,1.30,0.00,0.00,0.00,0.00,0.00,0.00,0.00,0.00,0.00,0.00,0.00,0.00,0.00,0.00,0.00,0.00,0.00,0.00,0.00,0.00,0.00,0.00,0.00,0.00,0.00,0.00,0.00,0.00,0.00,0.00,0.00,0.00,0.00,0.00,0.00,0.00,0.00,0.00,0.00,0.00,0.00,0.00,0.00,0.00,0.00,0.00,0.00,0.00,0.00,0.00,0.00,0.00,0.00,0.00,0.00,0.00,0.00,0.00,0.00,0.00,0.00,0.00,0.00,0.00,0.00,0.00,0.00,0.00,0.00,0.00,0.00,0.00,0.00,0.00,0.00,0.00,0.00,0.00,0.00,0.00,0.00,0.00,0.00,0.00,0.00,0.00,0.00,0.00,0.00,0.00,0.00,0.00,0.00,0.00,0.00,0.00,0.00,0.00,0.00,0.24,0.49,0.00,0.00,0.00,0.00,0.01,0.01,0.80,0.00,1.07,1.13,2.91,2.98,4.34,3.07,0.00,0.00,2.87,2.69,4.26,2.60,0.00,0.00,0.00,1.38,0.90,1.99,1.49,0.00,1.00,0.36,1.05,0.00,0.00,0.92,0.53,0.00,0.00,0.00,2.13,0.95,0.00,1.01,0.87,0.00,0.51,1.07,0.00,0.00,0.88,5.97,0.00,0.00,3.32,2.99,1.26,1.31,0.00,0.00,0.00,0.00,0.00,0.00,2.21,1.15,0.68,1.85,2.46,1.24,1.96,0.35,1.80,0.79,3.44,9.18,0.00,0.00,0.00,0.00,0.00,0.00,0.00,0.00,0.00,0.00
2550.5,-2.000,7.000,0.000,0.000,0.000,0,0,0.810,0,0.158,0.245,0.026,0.172,0.293,0.00,1.32,0.80,4.98,4.98,72.97,81.00,17.06,8.53,22.41,28.81,0.74,0.97,2.16,1.99,2.53,1.55,32.69,25.59,16.15,21.21,29.85,0.00,9.33,8.08,0.00,0.00,1.19,0.80,2.43,2.34,0.00,2.30,1.67,1.87,0.00,0.00,0.00,9.95,0.00,1.42,0.00,0.00,1.49,1.57,0.00,0.00,0.00,0.00,0.00,0.00,0.00,0.00,0.00,0.00,0.00,0.00,0.00,0.00,0.00,0.00,0.00,0.00,0.00,0.00,0.00,0.00,0.00,0.00,0.00,0.00,0.00,0.00,0.00,0.00,0.00,0.00,0.00,0.00,0.00,0.00,0.00,0.00,0.00,0.00,0.00,0.00,0.00,0.00,0.00,0.00,0.00,0.00,0.00,0.00,1.59,1.25,0.00,0.85,2.78,3.40,16.36,17.42,0.00,0.00,0.00,3.73,1.52,1.52,0.00,0.00,0.93,0.59,0.81,1.61,0.00,0.00,0.00,0.00,0.00,0.00,0.00,0.00,0.00,0.00,0.00,0.00,0.00,0.00,0.00,0.00,0.00,2.60,0.00,0.00,0.00,0.00,0.00,0.00,0.00,0.00,0.00,0.00,0.00,0.00,0.00,0.00,0.00,0.00,0.00,0.00,0.00,14.93,0.00,0.00,0.00,0.00,0.00,0.00,0.00,0.00,0.00,0.00,0.00,0.00,0.00,0.00,0.00,0.00,0.00,0.00,0.00,0.00,0.00,0.00,0.00,0.00,0.00,0.00,0.00,0.00,0.00,0.00,0.00,0.00,0.00,0.00,0.00,0.00,0.00,0.00,0.00,0.00,0.00,0.00,0.00,0.00,0.00,0.00,0.00,0.00,0.00,0.00,0.00,0.00,0.00,0.00,0.00,0.00,0.00,0.00,0.00,0.00,0.00,0.00,0.00,0.00,0.00,0.00,0.00,0.00,0.00,0.00,0.00,0.00,0.00,0.00,0.00,0.00,0.00,0.00,0.00,0.00,0.36,0.00,0.00,0.00,0.00,0.02,0.01,1.19,0.00,0.83,0.72,2.89,2.80,2.37,2.93,0.00,0.00,3.00,3.25,2.64,3.99,0.00,0.00,0.00,0.46,1.36,4.98,1.00,1.99,0.50,0.36,0.63,4.59,0.00,1.23,0.26,8.53,4.26,0.00,2.13,0.00,0.00,1.01,0.64,0.00,1.27,0.62,0.00,0.00,2.19,2.65,0.00,0.00,0.00,0.00,0.93,1.02,0.00,0.00,0.00,0.00,0.00,0.00,1.11,2.30,1.58,0.69,0.00,0.62,2.45,2.46,1.29,1.31,1.15,3.44,0.00,0.00,0.00,0.00,0.00,0.00,0.00,0.00,0.00,0.00
2650.5,-2.000,7.000,0.000,0.000,0.000,0,0,0.811,0,0.058,0.046,0.076,0.033,0.055,0.00,1.82,1.76,2.49,0.00,73.66,80.58,12.79,12.79,20.48,27.42,0.97,0.97,4.14,3.98,2.16,1.70,31.27,24.16,18.26,21.21,29.85,0.00,8.08,8.71,0.00,0.00,0.40,1.99,2.96,3.28,0.00,0.00,2.55,3.98,0.00,0.00,0.00,9.95,0.00,1.42,2.30,1.99,0.00,0.00,0.00,0.00,0.00,0.00,0.00,0.00,0.00,0.00,0.00,0.00,0.00,0.00,0.00,0.00,0.00,0.00,0.00,0.00,0.00,0.00,0.00,0.00,0.00,0.00,0.00,0.00,0.00,0.00,0.00,0.00,0.00,0.00,0.00,0.00,0.00,0.00,0.00,0.00,0.00,0.00,0.00,0.00,0.00,0.00,0.00,0.00,0.00,0.00,0.00,0.00,0.71,1.61,1.53,1.71,2.72,2.68,16.44,17.02,7.46,0.00,0.00,0.00,1.01,0.00,0.00,0.00,1.08,0.99,0.81,0.00,0.00,0.00,0.00,0.00,0.00,0.00,0.00,0.00,0.00,0.00,0.00,0.00,0.00,0.00,29.85,0.00,1.24,1.30,0.00,0.00,0.00,0.00,0.00,0.00,0.00,0.00,0.00,0.00,0.00,0.00,0.00,0.00,0.00,0.00,0.00,0.00,0.00,0.00,0.00,0.00,0.00,0.00,0.00,0.00,0.00,0.00,0.00,0.00,0.00,0.00,29.85,29.85,0.00,0.00,0.00,0.00,0.00,0.00,0.00,0.00,0.00,0.00,0.00,0.00,0.00,0.00,29.85,0.00,0.00,0.00,0.00,0.00,0.00,0.00,0.00,0.00,0.00,0.00,0.00,0.00,0.00,0.00,0.00,0.00,0.00,0.00,0.00,0.00,0.00,0.00,0.00,0.00,0.00,0.00,0.00,0.00,0.00,0.00,0.00,0.00,0.00,0.00,0.00,0.00,0.00,0.00,0.00,0.00,0.00,0.00,0.00,0.00,0.00,0.00,0.00,0.00,0.00,0.35,0.85,0.00,0.00,0.00,0.00,0.02,0.02,0.40,0.92,2.02,1.95,2.82,2.81,2.89,2.23,0.00,0.00,2.62,3.18,4.06,1.56,0.00,0.00,0.00,0.92,1.36,2.49,3.48,2.99,4.98,1.07,0.84,4.59,2.99,0.92,1.32,0.00,0.00,0.00,0.00,1.42,2.94,1.04,0.83,0.00,1.21,0.68,0.00,0.00,0.88,2.65,0.00,0.00,0.00,2.99,1.14,1.18,0.00,0.00,0.00,0.00,0.00,0.00,2.21,1.15,1.81,2.55,1.05,2.49,2.94,2.11,2.06,1.31,1.15,2.30,0.00,0.00,0.00,0.00,0.00,0.00,0.00,0.00,0.00,0.00
2750.5,-2.000,7.000,0.000,0.000,0.000,0,0,0.811,0,0.070,0.009,0.162,0.006,0.010,0.00,1.50,1.50,2.49,2.49,72.97,79.74,12.79,12.79,23.20,28.29,1.10,1.18,3.96,5.61,1.63,2.80,27.01,18.48,16.74,19.82,0.00,29.85,5.60,14.93,0.00,0.00,2.79,1.19,2.65,2.66,0.79,1.53,2.64,3.84,0.00,0.00,0.00,9.95,0.00,0.00,4.59,0.00,1.49,1.57,0.00,0.00,0.00,0.00,0.00,0.00,0.00,0.00,0.00,0.00,0.00,0.00,0.00,0.00,0.00,0.00,0.00,0.00,0.00,0.00,0.00,0.00,0.00,0.00,0.00,0.00,0.00,0.00,0.00,0.00,0.00,0.00,0.00,0.00,0.00,0.00,0.00,0.00,0.00,0.00,0.01,0.00,0.00,0.00,0.00,0.00,0.00,0.00,0.00,0.00,1.24,1.97,0.00,2.56,2.93,2.77,17.45,16.94,0.00,0.00,2.30,0.00,1.01,0.51,0.00,0.00,1.08,1.19,1.61,0.00,0.00,0.00,0.00,0.00,0.00,0.00,0.00,0.00,0.00,0.00,0.00,0.00,0.00,0.00,29.85,0.00,1.24,2.60,0.00,0.00,0.00,0.00,0.00,0.00,0.00,0.00,0.00,0.00,0.00,0.00,0.00,0.00,0.00,0.00,0.00,0.00,0.00,0.00,0.00,0.00,0.00,0.00,0.00,0.00,0.00,0.00,0.00,0.00,0.00,0.00,0.00,0.00,0.00,0.00,0.00,0.00,0.00,0.00,29.85,29.85,0.00,0.00,0.00,0.00,0.00,0.00,29.85,29.85,14.93,0.00,0.00,0.00,0.00,0.00,0.00,0.00,0.00,0.00,0.00,0.00,0.00,0.00,0.00,0.00,0.00,0.00,0.00,0.00,0.00,0.00,0.00,0.00,0.00,0.00,0.00,0.00,0.00,0.00,0.00,0.00,0.00,0.00,0.00,0.00,0.00,0.00,0.00,0.00,0.00,0.00,0.00,0.00,0.00,0.00,0.00,0.00,0.00,0.59,0.49,0.00,0.00,0.00,0.00,0.01,0.02,0.00,0.31,0.83,0.92,2.65,2.96,2.37,3.07,9.95,0.00,3.51,3.73,2.44,3.99,0.00,2.30,0.00,5.05,1.36,2.49,2.49,2.99,0.50,1.78,1.05,4.59,0.00,1.23,0.79,0.00,0.00,0.00,0.00,1.42,0.98,0.87,0.83,0.00,0.89,1.13,0.00,0.00,3.07,0.00,0.00,0.00,6.63,0.00,0.96,1.20,0.00,0.00,0.00,0.00,0.00,0.00,1.11,1.15,0.68,1.62,2.81,2.49,1.96,0.70,2.06,3.14,6.89,11.48,14.93,22.39,29.85,0.00,0.00,0.00,0.00,0.00,0.00,0.00
2850.5,-2.000,7.000,0.000,0.000,0.000,0,0,0.811,0,0.013,0.002,0.031,0.001,0.002,0.00,1.07,0.90,4.98,2.49,76.01,80.44,12.79,12.79,23.02,31.41,1.22,1.31,2.16,2.17,0.93,2.22,29.85,18.48,16.15,19.02,0.00,29.85,4.98,9.33,0.00,0.00,0.40,0.80,1.97,2.25,0.79,0.00,0.69,1.31,0.00,0.00,0.00,0.00,0.00,0.00,2.30,1.99,0.00,0.00,0.00,0.00,0.00,0.00,0.00,0.00,0.00,0.00,0.00,0.00,0.00,0.00,0.00,0.00,0.00,0.00,0.00,0.00,0.00,0.00,0.00,0.00,0.00,0.00,0.00,0.00,0.00,0.00,0.00,0.00,0.00,0.00,0.00,0.00,0.00,0.00,0.00,0.00,0.00,0.00,0.01,0.01,0.00,0.00,0.00,0.00,0.00,0.00,0.00,0.00,0.35,0.71,0.00,0.85,3.15,2.80,17.69,17.26,0.00,0.00,0.00,0.00,1.01,0.51,0.00,0.00,0.77,1.58,0.81,0.00,14.93,0.00,0.00,0.00,0.00,0.00,0.00,0.00,0.00,0.00,0.00,0.00,0.00,0.00,0.00,0.00,0.00,0.00,0.00,0.00,0.00,0.00,0.00,0.00,0.00,0.00,0.00,0.00,0.00,0.00,0.00,0.00,0.00,0.00,0.00,0.00,0.00,0.00,0.00,0.00,0.00,0.00,0.00,0.00,0.00,0.00,0.00,0.00,0.00,0.00,0.00,0.00,0.00,0.00,0.00,0.00,0.00,0.00,0.00,0.00,0.00,0.00,0.00,0.00,0.00,0.00,0.00,0.00,0.00,0.00,0.00,0.00,0.00,0.00,0.00,0.00,0.00,0.00,0.00,0.00,0.00,0.00,0.00,0.00,0.00,0.00,0.00,0.00,0.00,0.00,0.00,0.00,0.00,0.00,0.00,0.00,0.00,0.00,0.00,0.00,0.00,0.00,0.00,0.00,0.00,0.00,0.00,0.00,0.00,0.00,0.00,0.00,0.00,0.00,0.00,0.00,0.00,0.24,0.24,0.00,0.00,0.00,0.00,0.01,0.00,0.40,1.54,1.07,1.33,2.63,3.10,3.55,2.51,0.00,9.95,2.74,3.18,2.44,3.64,0.00,0.00,0.00,0.46,0.45,3.98,1.00,1.99,0.00,1.42,1.05,0.00,0.00,0.00,1.85,0.00,4.26,4.98,0.00,0.47,0.00,0.95,0.60,0.00,0.95,0.84,0.00,0.00,2.63,2.65,0.00,0.00,0.00,2.99,1.17,0.94,0.00,0.00,0.00,0.00,0.00,0.00,3.32,1.15,0.90,0.93,0.35,0.93,1.47,1.05,1.03,0.79,4.59,3.44,0.00,0.00,0.00,0.00,0.00,0.00,0.00,0.00,0.00,0.00
2950.5,-2.000,7.000,0.000,0.000,0.000,0,0,0.812,0,0.016,0.000,0.041,0.000,0.000,2.13,1.03,0.90,4.98,7.46,75.18,79.60,17.06,17.06,22.23,31.07,0.89,1.06,1.98,3.80,2.71,1.99,38.38,27.01,17.91,17.98,29.85,0.00,9.33,9.95,0.00,0.00,0.40,0.00,2.19,2.09,0.79,1.53,1.53,1.54,0.00,0.00,0.00,0.00,0.00,0.00,0.00,1.99,0.00,0.00,0.00,0.00,0.00,0.00,0.00,0.00,0.00,0.00,0.00,0.00,0.00,0.00,0.00,0.00,0.00,0.00,0.00,0.00,0.00,0.00,0.00,0.00,0.00,0.00,0.00,0.00,0.00,0.00,0.00,0.00,0.00,0.00,0.00,0.00,0.00,0.00,0.00,0.00,0.00,0.00,0.00,0.00,0.00,0.00,0.00,0.00,0.00,0.00,0.00,0.00,1.59,0.71,0.77,0.00,2.61,2.73,17.37,17.39,0.00,14.93,4.59,1.87,0.00,1.01,0.00,0.00,0.62,0.89,0.00,0.81,0.00,0.00,0.00,0.00,0.00,0.00,0.00,0.00,0.00,0.00,0.00,0.00,0.00,29.85,29.85,0.00,0.00,1.30,0.00,0.00,0.00,0.00,0.00,0.00,0.00,0.00,0.00,0.00,0.00,0.00,0.00,0.00,0.00,0.00,0.00,0.00,0.00,0.00,0.00,0.00,0.00,0.00,0.00,0.00,0.00,0.00,0.00,0.00,0.00,0.00,0.00,0.00,0.00,0.00,0.00,0.00,0.00,0.00,0.00,0.00,0.00,0.00,0.00,0.00,0.00,0.00,0.00,0.00,0.00,0.00,0.00,0.00,0.00,0.00,0.00,0.00,0.00,0.00,0.00,0.00,0.00,0.00,0.00,0.00,0.00,0.00,0.00,0.00,0.00,0.00,0.00,0.00,0.00,0.00,0.00,0.00,0.00,0.00,0.00,0.00,0.00,0.00,0.00,0.00,0.00,0.00,0.00,0.00,0.00,0.00,0.00,0.00,0.00,0.00,0.00,0.00,0.00,0.35,0.36,0.00,0.00,0.00,0.00,0.01,0.00,0.40,0.92,1.55,1.03,3.17,3.12,3.68,3.21,0.00,0.00,2.87,2.76,3.05,3.30,2.49,2.30,0.00,1.38,1.36,0.00,1.49,1.00,1.49,0.71,0.21,0.00,0.00,0.62,0.79,0.00,0.00,0.00,0.00,0.95,0.49,0.95,1.23,0.00,1.21,1.07,0.00,0.00,6.58,5.97,0.00,0.00,0.00,0.00,0.93,0.82,0.00,0.00,0.00,0.00,0.00,0.00,0.00,1.15,2.04,0.46,0.00,0.93,0.49,1.05,1.29,1.57,1.15,0.00,0.00,0.00,0.00,0.00,0.00,0.00,0.00,0.00,0.00,0.00
3050.5,-2.000,7.000,0.000,0.000,0.000,0,0,0.812,0,0.003,0.000,0.008,0.000,0.142,2.13,1.18,1.13,4.98,2.49,72.55,81.56,12.79,8.53,19.08,28.29,0.95,1.10,2.88,2.89,2.05,2.21,32.69,29.85,14.16,19.94,29.85,29.85,6.22,7.46,0.00,0.00,0.40,0.40,2.40,2.75,0.79,0.77,2.41,2.99,0.00,0.00,0.00,0.00,0.00,0.00,0.00,0.00,0.00,0.00,0.00,0.00,0.00,0.00,0.00,0.00,0.00,0.00,0.00,0.00,0.00,0.00,0.00,0.00,0.00,0.00,0.00,0.00,0.00,0.00,0.00,0.00,0.00,0.00,0.00,0.00,0.00,0.00,0.00,0.00,0.00,0.00,0.00,0.00,0.00,0.00,0.00,0.00,0.00,0.00,0.01,0.01,0.00,0.00,0.00,0.00,0.00,0.00,0.00,0.00,0.71,0.89,0.00,0.00,3.26,2.73,16.67,17.23,0.00,0.00,0.00,1.87,1.52,0.00,0.00,0.00,0.62,1.19,0.81,0.00,0.00,0.00,0.00,0.00,0.00,0.00,0.00,0.00,0.00,0.00,0.00,0.00,0.00,0.00,0.00,0.00,1.24,1.30,0.00,0.00,0.00,0.00,0.00,0.00,0.00,0.00,0.00,0.00,0.00,0.00,0.00,0.00,0.00,0.00,0.00,0.00,0.00,14.93,0.00,14.93,0.00,0.00,0.00,0.00,14.93,14.93,0.00,0.00,0.00,0.00,0.00,0.00,0.00,0.00,0.00,0.00,0.00,0.00,0.00,0.00,0.00,0.00,0.00,0.00,0.00,0.00,0.00,0.00,0.00,0.00,0.00,0.00,0.00,0.00,0.00,0.00,0.00,9.95,0.00,0.00,0.00,0.00,0.00,0.00,0.00,0.00,0.00,0.00,0.00,0.00,0.00,0.00,0.00,0.00,0.00,0.00,0.00,0.00,0.00,0.00,0.00,0.00,0.00,0.00,0.00,0.00,0.00,0.00,0.00,0.00,0.00,0.00,0.00,0.00,0.00,0.00,0.00,0.59,0.61,0.00,0.00,0.00,0.00,0.02,0.02,1.19,0.00,1.78,1.33,3.12,3.08,2.10,2.93,0.00,0.00,3.06,2.49,2.44,2.78,0.00,2.30,0.00,0.00,0.90,1.00,1.00,1.99,0.50,1.07,1.47,4.59,0.00,0.62,1.06,4.26,4.26,4.98,0.00,0.47,0.00,0.93,0.62,0.00,1.33,0.96,0.00,0.00,1.76,3.32,0.00,0.00,0.00,0.00,1.17,1.05,0.00,0.00,0.00,0.00,0.00,0.00,0.00,1.15,2.49,1.16,1.05,1.87,1.96,1.76,1.29,0.52,3.44,1.15,0.00,0.00,0.00,0.00,0.00,0.00,0.00,0.00,0.00,0.00
3150.5,-2.000,7.000,0.000,0.000,0.000,0,0,0.813,0,0.010,0.000,0.025,0.000,0.027,0.00,1.25,1.03,0.00,2.49,76.01,81.00,12.79,12.79,22.59,30.63,0.80,0.97,2.34,2.89,1.97,1.31,29.85,25.59,16.39,20.98,29.85,29.85,6.22,6.22,29.85,0.00,0.80,1.59,2.11,2.34,1.57,2.30,1.90,1.82,0.00,0.00,9.95,0.00,0.00,0.00,0.00,3.98,1.49,0.00,0.00,0.00,0.00,0.00,0.00,0.00,0.00,0.00,0.00,0.00,0.00,0.00,0.00,0.00,0.00,0.00,0.00,0.00,0.00,0.00,0.00,0.00,0.00,0.00,0.00,0.00,0.00,0.00,0.00,0.00,0.00,0.00,0.00,0.00,0.00,0.00,0.00,0.00,0.00,0.00,0.00,0.00,0.00,0.00,0.00,0.00,0.00,0.00,0.00,0.00,1.24,1.43,1.53,1.71,3.13,2.86,17.22,17.31,0.00,0.00,2.30,1.87,1.01,0.51,0.00,0.00,0.62,0.59,0.81,1.61,0.00,0.00,0.00,29.85,9.95,0.00,0.00,0.00,0.00,0.00,0.00,0.00,29.85,0.00,0.00,0.00,1.24,3.89,0.00,0.00,0.00,0.00,0.00,0.00,0.00,0.00,0.00,0.00,0.00,0.00,0.00,0.00,0.00,0.00,0.00,0.00,0.00,0.00,0.00,0.00,0.00,0.00,0.00,0.00,0.00,0.00,0.00,0.00,0.00,0.00,29.85,0.00,0.00,0.00,0.00,0.00,0.00,0.00,0.00,0.00,0.00,0.00,0.00,0.00,0.00,0.00,0.00,0.00,0.00,0.00,0.00,0.00,0.00,0.00,0.00,0.00,0.00,0.00,0.00,0.00,0.00,0.00,0.00,0.00,0.00,0.00,0.00,0.00,0.00,0.00,0.00,0.00,0.00,0.00,0.00,0.00,0.00,0.00,0.00,0.00,0.00,0.00,0.00,0.00,0.00,0.00,0.00,0.00,0.00,0.00,0.00,0.00,0.00,0.00,0.00,0.00,0.00,0.24,0.12,0.00,0.00,0.00,0.00,0.01,0.01,0.80,0.31,0.83,1.23,2.84,2.93,2.37,3.07,0.00,0.00,2.87,2.76,2.64,2.43,0.00,2.30,0.00,4.59,0.00,2.99,1.00,1.49,1.49,1.78,1.26,0.00,0.00,0.62,1.06,0.00,4.26,0.00,1.07,1.42,2.94,1.35,0.93,0.00,0.95,0.84,0.00,0.00,0.88,3.98,0.00,0.00,0.00,0.00,0.96,0.87,0.00,0.00,0.00,0.00,0.00,0.00,1.11,1.15,1.36,0.46,1.76,0.62,1.47,2.11,1.03,0.52,2.30,4.59,0.00,0.00,0.00,0.00,0.00,0.00,0.00,0.00,0.00,0.00
3250.5,-2.000,7.000,0.000,0.000,0.000,0,0,0.813,0,0.002,0.000,0.005,0.000,0.087,2.13,1.18,1.10,7.46,4.98,74.35,79.60,12.79,8.53,22.06,29.50,0.91,1.03,3.06,2.89,2.75,1.70,28.43,21.32,17.56,19.94,29.85,0.00,12.44,9.33,0.00,0.00,0.80,0.80,2.53,2.60,1.57,0.00,3.05,2.81,0.00,0.00,9.95,0.00,0.00,0.00,2.30,1.99,1.49,1.57,0.00,0.00,0.00,0.00,0.00,0.00,0.00,0.00,0.00,0.00,0.00,0.00,0.00,0.00,0.00,0.00,0.00,0.00,0.00,0.00,0.00,0.00,0.00,0.00,0.00,0.00,0.00,0.00,0.00,0.00,0.00,0.00,0.00,0.00,0.00,0.00,0.00,0.00,0.00,0.00,0.01,0.01,0.00,0.00,0.00,0.00,0.00,0.00,0.00,0.00,0.53,0.71,0.77,1.71,2.85,2.91,16.12,16.49,0.00,0.00,4.59,3.73,2.02,1.52,0.00,0.00,1.55,0.59,0.00,1.61,0.00,0.00,0.00,29.85,0.00,0.00,0.00,29.85,0.00,0.00,0.00,0.00,0.00,0.00,29.85,0.00,1.24,6.49,0.00,0.00,0.00,0.00,0.00,0.00,0.00,0.00,0.00,0.00,0.00,0.00,0.00,0.00,0.00,0.00,0.00,0.00,0.00,0.00,0.00,0.00,0.00,0.00,0.00,0.00,0.00,0.00,0.00,0.00,0.00,0.00,0.00,0.00,0.00,0.00,0.00,0.00,0.00,0.00,0.00,0.00,0.00,0.00,0.00,0.00,0.00,0.00,0.00,0.00,0.00,0.00,0.00,0.00,0.00,0.00,0.00,0.00,0.00,0.00,0.00,0.00,0.00,0.00,0.00,0.00,0.00,0.00,0.00,0.00,0.00,0.00,0.00,0.00,0.00,0.00,0.00,0.00,0.00,0.00,0.00,0.00,0.00,0.00,0.00,0.00,0.00,0.00,0.00,0.00,0.00,0.00,0.00,0.00,0.00,0.00,0.00,0.00,0.00,0.83,1.09,1.61,1.87,0.00,0.00,0.02,0.01,0.00,0.00,1.07,1.44,2.92,2.98,3.02,3.77,4.98,4.98,3.13,3.45,3.25,2.78,2.49,2.30,0.00,0.00,1.36,1.99,0.50,0.50,3.98,0.71,0.21,6.89,0.00,0.00,1.06,4.26,0.00,0.00,0.00,2.37,0.98,1.14,1.25,0.00,1.21,0.84,0.00,0.00,3.51,2.65,0.00,0.00,0.00,2.99,1.17,1.11,0.00,0.00,0.00,0.00,0.00,0.00,1.11,0.00,0.90,1.39,1.76,2.18,2.45,1.40,1.29,2.36,1.15,6.89,0.00,0.00,0.00,0.00,0.00,0.00,0.00,0.00,0.00,0.00
3350.5,-2.000,7.000,0.000,0.000,0.000,0,0,0.813,0,0.099,0.142,0.036,0.142,0.016,0.00,1.89,1.20,7.46,2.49,73.94,79.74,12.79,4.26,25.39,28.64,0.82,0.72,1.80,4.16,2.26,2.31,29.85,28.43,15.34,19.02,29.85,29.85,10.57,11.82,0.00,0.00,0.40,1.19,2.14,2.29,0.00,0.00,2.08,3.37,0.00,0.00,0.00,0.00,0.00,0.00,0.00,0.00,0.00,3.14,0.00,0.00,0.00,0.00,0.00,0.00,0.00,0.00,0.00,0.00,0.00,0.00,0.00,0.00,0.00,0.00,0.00,0.00,0.00,0.00,0.00,0.00,0.00,0.00,0.00,0.00,0.00,0.00,0.00,0.00,0.00,0.00,0.00,0.00,0.00,0.00,0.00,0.00,0.00,0.00,0.00,0.00,0.00,0.00,0.00,0.00,0.00,0.00,0.00,0.00,0.88,0.54,0.77,2.56,3.02,3.28,17.95,17.10,7.46,0.00,0.00,0.00,1.01,0.51,0.00,0.00,1.08,1.09,0.00,1.61,0.00,0.00,0.00,0.00,0.00,0.00,29.85,0.00,0.00,0.00,0.00,0.00,29.85,0.00,0.00,0.00,2.49,1.30,0.00,0.00,0.00,0.00,0.00,0.00,0.00,0.00,0.00,0.00,0.00,0.00,0.00,0.00,0.00,0.00,0.00,0.00,0.00,0.00,29.85,0.00,0.00,0.00,0.00,0.00,0.00,0.00,0.00,0.00,0.00,0.00,0.00,0.00,0.00,0.00,0.00,0.00,0.00,0.00,0.00,29.85,0.00,0.00,0.00,0.00,0.00,0.00,0.00,0.00,29.85,0.00,29.85,0.00,29.85,0.00,0.00,0.00,0.00,19.90,0.00,0.00,0.00,0.00,0.00,0.00,0.00,0.00,0.00,0.00,0.00,0.00,0.00,0.00,0.00,0.00,0.00,0.00,0.00,0.00,0.00,0.00,0.00,0.00,0.00,0.00,0.00,0.00,0.00,0.00,0.00,0.00,0.00,0.00,0.00,0.00,0.00,0.00,0.00,0.12,0.36,0.00,0.00,0.00,0.00,0.01,0.01,0.00,1.23,0.48,2.05,2.92,2.69,3.55,3.07,0.00,0.00,3.13,3.04,2.64,3.64,0.00,0.00,0.00,6.43,4.52,1.99,1.00,2.49,1.00,1.07,0.63,13.78,0.00,2.46,0.79,4.26,0.00,0.00,0.00,1.90,1.47,1.35,1.33,0.00,1.14,0.68,0.00,0.00,1.32,2.65,0.00,4.26,3.32,0.00,1.32,1.25,29.85,0.00,0.00,0.00,0.00,0.00,0.00,1.15,1.36,0.69,1.40,1.24,0.00,0.35,1.29,1.83,4.59,3.44,0.00,0.00,0.00,0.00,0.00,0.00,0.00,0.00,0.00,0.00
3450.5,-2.000,7.000,0.000,0.000,0.000,0,0,0.814,0,0.075,0.073,0.078,0.073,0.003,2.13,1.10,1.20,0.00,2.49,73.66,78.20,8.53,4.26,21.10,28.55,0.80,0.89,2.34,2.17,2.21,1.67,31.27,31.27,16.86,19.82,29.85,0.00,8.71,7.46,0.00,0.00,1.59,1.19,2.06,2.10,0.79,0.00,1.80,1.64,0.00,0.00,0.00,0.00,0.00,2.84,0.00,1.99,0.00,0.00,0.00,0.00,0.00,0.00,0.00,0.00,0.00,0.00,0.00,0.00,0.00,0.00,0.00,0.00,0.00,0.00,0.00,0.00,0.00,0.00,0.00,0.00,0.00,0.00,0.00,0.00,0.00,0.00,0.00,0.00,0.00,0.00,0.00,0.00,0.00,0.00,0.00,0.00,0.00,0.00,0.00,0.00,0.00,0.00,0.00,0.00,0.00,0.00,0.00,0.00,0.35,2.14,0.77,0.85,2.85,3.28,17.95,17.18,0.00,0.00,0.00,3.73,0.00,1.01,0.00,0.00,1.39,1.09,0.81,1.61,0.00,3.73,0.00,29.85,0.00,0.00,0.00,0.00,0.00,0.00,0.00,0.00,0.00,0.00,0.00,29.85,0.00,0.00,0.00,0.00,0.00,0.00,0.00,0.00,0.00,0.00,0.00,0.00,0.00,0.00,0.00,0.00,0.00,0.00,0.00,0.00,0.00,0.00,0.00,0.00,0.00,0.00,0.00,0.00,0.00,0.00,0.00,0.00,0.00,0.00,0.00,0.00,0.00,0.00,0.00,0.00,0.00,0.00,0.00,0.00,0.00,0.00,0.00,0.00,0.00,0.00,29.85,0.00,29.85,0.00,0.00,0.00,0.00,0.00,0.00,0.00,0.00,0.00,0.00,0.00,0.00,0.00,0.00,0.00,0.00,0.00,0.00,0.00,0.00,0.00,0.00,0.00,0.00,0.00,0.00,0.00,0.00,0.00,0.00,0.00,0.00,0.00,0.00,0.00,0.00,0.00,0.00,0.00,0.00,0.00,0.00,0.00,0.00,0.00,0.00,0.00,0.00,0.24,0.12,0.00,0.00,0.00,0.00,0.01,0.02,1.19,0.92,1.19,1.03,3.06,2.73,3.16,2.23,4.98,0.00,2.04,2.63,3.05,3.30,0.00,2.30,0.00,0.00,1.81,0.00,2.49,1.49,1.99,1.07,0.42,2.30,0.00,0.62,0.79,0.00,0.00,0.00,1.07,0.95,2.45,0.97,0.93,14.93,1.27,0.73,29.85,0.00,4.83,3.98,0.00,0.00,3.32,0.00,0.88,1.08,0.00,0.00,0.00,0.00,0.00,0.00,2.21,1.15,1.13,1.85,1.76,2.18,1.47,1.05,1.54,1.05,0.00,2.30,0.00,0.00,0.00,0.00,0.00,0.00,0.00,0.00,0.00,0.00
3550.5,-2.000,7.000,0.000,0.000,0.000,0,0,0.814,0,0.014,0.014,0.015,0.014,0.001,0.00,0.82,1.26,2.49,4.98,74.35,79.60,8.53,4.26,22.94,30.11,0.89,0.80,2.70,3.44,2.36,1.95,35.54,21.32,17.56,19.36,29.85,29.85,8.71,8.71,0.00,0.00,0.80,0.40,2.30,2.52,0.79,0.77,1.20,2.43,0.00,0.00,0.00,0.00,0.00,0.00,4.59,1.99,0.00,0.00,0.00,0.00,0.00,0.00,0.00,0.00,0.00,0.00,0.00,0.00,0.00,0.00,0.00,0.00,0.00,0.00,0.00,0.00,0.00,0.00,0.00,0.00,0.00,0.00,0.00,0.00,0.00,0.00,0.00,0.00,0.00,0.00,0.00,0.00,0.00,0.00,0.00,0.00,0.00,0.00,0.00,0.00,0.00,0.00,0.00,0.00,0.00,0.00,0.00,0.00,1.06,0.18,0.77,0.85,2.83,2.77,18.70,17.60,0.00,14.93,2.30,1.87,1.01,1.52,0.00,0.00,0.62,0.99,0.81,0.00,0.00,3.73,0.00,29.85,0.00,0.00,0.00,0.00,0.00,0.00,0.00,0.00,0.00,0.00,29.85,0.00,0.00,0.00,0.00,0.00,0.00,0.00,0.00,0.00,0.00,0.00,0.00,0.00,0.00,0.00,0.00,0.00,0.00,0.00,0.00,0.00,0.00,0.00,0.00,0.00,0.00,0.00,0.00,0.00,0.00,0.00,0.00,0.00,0.00,0.00,0.00,0.00,0.00,0.00,0.00,0.00,0.00,0.00,0.00,0.00,0.00,0.00,0.00,0.00,0.00,0.00,0.00,0.00,0.00,0.00,0.00,0.00,0.00,0.00,0.00,0.00,0.00,0.00,0.00,0.00,0.00,0.00,0.00,0.00,0.00,0.00,0.00,0.00,0.00,0.00,0.00,0.00,0.00,0.00,0.00,0.00,0.00,0.00,0.00,0.00,0.00,0.00,0.00,0.00,0.00,0.00,0.00,0.00,0.00,0.00,0.00,0.00,0.00,0.00,0.00,0.00,0.00,0.24,0.36,0.00,0.00,0.00,0.00,0.02,0.00,0.40,0.62,1.19,1.54,2.60,2.88,3.29,2.51,0.00,0.00,2.93,3.25,3.45,2.60,0.00,0.00,0.00,1.84,2.71,1.99,1.00,1.99,1.49,1.42,0.84,4.59,0.00,1.54,1.06,0.00,4.26,0.00,1.07,0.47,1.47,0.93,0.73,0.00,0.70,0.62,0.00,0.00,3.95,3.32,3.73,0.00,0.00,0.00,1.06,1.05,0.00,0.00,0.00,0.00,0.00,0.00,0.00,2.30,1.58,0.23,1.05,0.62,1.96,1.76,1.29,0.79,1.15,0.00,0.00,0.00,0.00,0.00,0.00,0.00,0.00,0.00,0.00,0.00
3650.5,-2.000,7.000,0.000,0.000,0.000,0,0,0.815,0,0.184,0.258,0.074,0.003,0.000,0.00,1.71,1.56,4.98,4.98,76.29,81.28,4.26,8.53,22.41,30.37,0.93,0.80,3.24,3.80,3.23,2.11,28.43,19.90,17.91,18.90,29.85,0.00,13.06,10.57,0.00,0.00,1.19,0.40,2.94,2.69,0.79,0.00,3.66,3.56,0.00,0.00,9.95,0.00,0.00,0.00,0.00,1.99,2.99,0.00,0.00,0.00,0.00,0.00,0.00,0.00,0.00,0.00,0.00,0.00,0.00,0.00,0.00,0.00,0.00,0.00,0.00,0.00,0.00,0.00,0.00,0.00,0.00,0.00,0.00,0.00,0.00,0.00,0.00,0.00,0.00,0.00,0.00,0.00,0.00,0.00,0.00,0.00,0.00,0.00,0.01,0.01,0.00,0.00,0.00,0.00,0.00,0.00,0.00,0.00,0.88,0.71,0.77,1.71,3.44,3.14,18.29,18.31,0.00,0.00,2.30,0.00,1.01,4.05,0.00,0.00,0.93,1.09,0.00,1.61,0.00,0.00,0.00,0.00,0.00,0.00,29.85,0.00,0.00,0.00,0.00,0.00,0.00,0.00,0.00,0.00,0.00,2.60,0.00,0.00,0.00,0.00,0.00,0.00,0.00,0.00,0.00,0.00,0.00,0.00,0.00,0.00,0.00,0.00,0.00,0.00,0.00,0.00,0.00,0.00,0.00,0.00,0.00,0.00,0.00,0.00,29.85,0.00,0.00,0.00,0.00,0.00,0.00,0.00,0.00,0.00,0.00,0.00,0.00,29.85,0.00,0.00,0.00,29.85,0.00,0.00,29.85,0.00,0.00,0.00,0.00,0.00,29.85,59.70,0.00,0.00,0.00,0.00,0.00,0.00,0.00,0.00,0.00,0.00,0.00,0.00,0.00,0.00,0.00,0.00,0.00,0.00,0.00,0.00,0.00,0.00,0.00,0.00,0.00,0.00,0.00,0.00,0.00,0.00,0.00,0.00,0.00,0.00,0.00,0.00,0.00,0.00,0.00,0.00,0.00,0.00,0.00,0.83,1.09,0.00,0.00,0.00,0.00,0.04,0.01,0.80,0.62,2.85,1.64,3.36,2.72,2.24,3.07,0.00,0.00,2.68,2.76,3.86,2.26,7.46,4.59,0.00,1.84,4.98,3.98,1.49,2.99,2.49,0.71,0.21,2.30,2.99,0.92,1.06,0.00,0.00,4.98,1.07,1.90,0.98,1.88,1.23,0.00,1.02,1.30,0.00,0.00,4.83,3.98,0.00,0.00,3.32,0.00,1.25,1.44,0.00,0.00,0.00,0.00,0.00,0.00,0.00,3.44,1.36,1.39,2.46,1.87,1.96,3.16,1.54,1.05,16.07,8.04,0.00,0.00,0.00,0.00,0.00,0.00,0.00,0.00,0.00,0.00
3750.5,-2.000,7.000,0.000,0.000,0.000,0,0,0.815,0,0.035,0.049,0.014,0.000,0.000,0.00,0.96,0.93,2.49,2.49,74.21,80.44,17.06,12.79,23.99,28.98,1.12,1.10,3.78,3.08,2.80,2.33,27.01,21.32,18.73,19.82,59.70,29.85,13.06,11.19,0.00,0.00,1.19,0.80,2.52,2.42,0.00,0.00,2.04,2.25,0.00,0.00,0.00,9.95,0.00,2.84,0.00,0.00,0.00,0.00,0.00,0.00,0.00,0.00,0.00,0.00,0.00,0.00,0.00,0.00,0.00,0.00,0.00,0.00,0.00,0.00,0.00,0.00,0.00,0.00,0.00,0.00,0.00,0.00,0.00,0.00,0.00,0.00,0.00,0.00,0.00,0.00,0.00,0.00,0.00,0.00,0.00,0.00,0.00,0.00,0.00,0.00,0.00,0.00,0.00,0.00,0.00,0.00,0.00,0.00,1.41,1.43,0.77,0.00,2.83,2.84,17.24,17.97,0.00,0.00,2.30,0.00,1.52,2.02,0.00,0.00,0.93,0.79,0.00,0.81,0.00,0.00,0.00,0.00,0.00,0.00,0.00,0.00,0.00,0.00,0.00,0.00,0.00,0.00,0.00,0.00,0.00,3.89,0.00,0.00,0.00,0.00,0.00,0.00,0.00,0.00,0.00,0.00,0.00,0.00,0.00,0.00,0.00,0.00,0.00,0.00,0.00,0.00,0.00,0.00,0.00,0.00,0.00,0.00,0.00,0.00,0.00,0.00,0.00,0.00,0.00,0.00,0.00,0.00,0.00,0.00,0.00,0.00,0.00,0.00,0.00,0.00,0.00,0.00,0.00,0.00,0.00,0.00,0.00,0.00,0.00,0.00,0.00,0.00,0.00,0.00,0.00,0.00,0.00,0.00,0.00,0.00,0.00,0.00,0.00,0.00,0.00,0.00,0.00,0.00,0.00,0.00,0.00,0.00,0.00,0.00,0.00,0.00,0.00,0.00,0.00,0.00,0.00,0.00,0.00,0.00,0.00,0.00,0.00,0.00,0.00,0.00,0.00,0.00,0.00,0.00,0.00,0.35,0.24,0.00,0.00,0.00,0.00,0.02,0.01,0.80,2.15,0.83,1.03,3.05,2.85,2.63,3.21,0.00,0.00,2.49,2.97,3.05,3.64,0.00,2.30,0.00,2.30,0.45,0.00,0.50,0.50,0.00,1.07,0.84,0.00,0.00,1.54,1.06,0.00,0.00,0.00,0.00,0.47,0.49,0.59,0.58,0.00,1.21,1.01,0.00,0.00,3.95,2.65,0.00,0.00,0.00,2.99,0.90,1.02,0.00,0.00,0.00,14.93,0.00,0.00,0.00,0.00,1.13,0.46,1.05,0.62,0.49,0.35,1.03,1.31,3.44,3.44,0.00,0.00,0.00,0.00,0.00,0.00,0.00,0.00,0.00,0.00
3850.5,-2.000,7.000,0.000,0.000,0.000,0,0,0.815,0,0.067,0.056,0.084,0.047,0.000,2.13,1.10,1.40,4.98,4.98,74.35,79.74,8.53,12.79,23.99,29.85,0.68,0.91,2.16,2.35,2.09,1.49,31.27,28.43,17.09,19.13,29.85,0.00,6.84,4.98,0.00,0.00,1.99,1.99,2.16,2.01,3.14,0.00,1.71,0.98,0.00,0.00,9.95,0.00,0.00,4.26,0.00,0.00,0.00,0.00,0.00,0.00,0.00,0.00,0.00,0.00,0.00,0.00,0.00,0.00,0.00,0.00,0.00,0.00,0.00,0.00,0.00,0.00,0.00,0.00,0.00,0.00,0.00,0.00,0.00,0.00,0.00,0.00,0.00,0.00,0.00,0.00,0.00,0.00,0.00,0.00,0.00,0.00,0.00,0.00,0.01,0.01,0.00,0.00,0.00,0.00,0.00,0.00,0.00,0.00,0.71,0.71,0.77,0.00,3.35,3.33,17.27,17.81,7.46,0.00,0.00,0.00,0.51,1.01,0.00,0.00,1.24,1.28,1.61,0.81,0.00,0.00,0.00,0.00,0.00,0.00,0.00,0.00,0.00,0.00,0.00,0.00,29.85,0.00,29.85,0.00,0.00,0.00,0.00,0.00,0.00,0.00,0.00,0.00,0.00,0.00,0.00,0.00,0.00,0.00,0.00,0.00,0.00,0.00,0.00,0.00,0.00,0.00,0.00,0.00,0.00,0.00,0.00,0.00,0.00,0.00,0.00,0.00,0.00,0.00,0.00,0.00,0.00,0.00,0.00,0.00,0.00,0.00,0.00,0.00,0.00,0.00,0.00,0.00,0.00,0.00,0.00,0.00,0.00,0.00,0.00,0.00,0.00,0.00,0.00,0.00,0.00,0.00,0.00,0.00,0.00,0.00,0.00,0.00,0.00,0.00,0.00,0.00,0.00,0.00,0.00,0.00,0.00,0.00,0.00,0.00,0.00,0.00,0.00,0.00,0.00,0.00,0.00,0.00,0.00,0.00,0.00,0.00,0.00,0.00,0.00,0.00,0.00,0.00,0.00,0.00,0.00,0.35,0.73,1.61,0.00,0.00,0.00,0.02,0.01,1.99,0.62,0.95,0.92,2.80,2.88,3.29,3.49,0.00,0.00,3.32,2.56,3.86,3.30,2.49,0.00,0.00,2.76,1.36,5.97,2.49,5.47,1.00,0.36,0.63,4.59,2.99,0.92,1.32,0.00,0.00,0.00,2.13,0.00,0.49,1.27,1.00,0.00,1.02,0.73,0.00,0.00,2.19,3.32,3.73,0.00,0.00,0.00,1.12,0.99,0.00,0.00,0.00,0.00,0.00,0.00,0.00,0.00,1.36,0.69,0.35,0.93,1.96,0.70,1.03,0.52,0.00,0.00,0.00,0.00,0.00,0.00,0.00,0.00,0.00,0.00,0.00,0.00
3950.5,-2.000,7.000,0.000,0.000,0.000,0,0,0.816,0,0.086,0.133,0.016,0.172,0.413,2.13,1.10,0.93,0.00,2.49,73.38,80.30,4.26,12.79,20.05,28.20,0.95,1.01,2.70,2.89,2.06,3.26,31.27,22.74,16.51,22.36,0.00,29.85,8.71,11.82,0.00,0.00,0.00,0.80,1.83,2.25,0.00,0.77,1.43,1.22,0.00,0.00,9.95,0.00,0.00,0.00,0.00,3.98,1.49,0.00,0.00,0.00,0.00,0.00,0.00,0.00,0.00,0.00,0.00,0.00,0.00,0.00,0.00,0.00,0.00,0.00,0.00,0.00,0.00,0.00,0.00,0.00,0.00,0.00,0.00,0.00,0.00,0.00,0.00,0.00,0.00,0.00,0.00,0.00,0.00,0.00,0.00,0.00,0.00,0.00,0.00,0.00,0.00,0.00,0.00,0.00,0.00,0.00,0.00,0.00,0.71,1.61,1.53,0.85,2.93,3.19,17.17,16.70,0.00,0.00,0.00,0.00,0.51,2.53,0.00,0.00,1.70,0.89,0.00,0.00,7.46,0.00,0.00,29.85,0.00,0.00,0.00,0.00,0.00,0.00,0.00,0.00,0.00,0.00,0.00,0.00,0.00,3.89,0.00,0.00,0.00,0.00,0.00,0.00,0.00,0.00,0.00,0.00,0.00,0.00,0.00,0.00,0.00,0.00,0.00,0.00,0.00,0.00,0.00,0.00,0.00,0.00,0.00,0.00,0.00,0.00,0.00,0.00,0.00,0.00,0.00,0.00,0.00,0.00,0.00,0.00,0.00,0.00,0.00,0.00,0.00,0.00,0.00,0.00,0.00,0.00,0.00,0.00,0.00,0.00,0.00,0.00,0.00,0.00,0.00,0.00,0.00,0.00,0.00,0.00,0.00,0.00,0.00,0.00,0.00,0.00,0.00,0.00,0.00,0.00,0.00,0.00,0.00,0.00,0.00,0.00,0.00,0.00,0.00,0.00,0.00,0.00,0.00,0.00,0.00,0.00,0.00,0.00,0.00,0.00,0.00,0.00,0.00,0.00,0.00,0.00,0.00,0.35,0.61,0.00,1.87,0.00,0.00,0.02,0.01,0.00,0.31,0.95,1.23,3.06,2.84,2.89,4.32,0.00,0.00,2.81,2.90,4.26,2.60,0.00,0.00,0.00,0.92,0.45,0.00,0.50,0.00,0.50,1.78,2.10,4.59,0.00,0.92,1.06,0.00,0.00,4.98,0.00,0.47,0.49,0.66,0.85,0.00,0.76,0.56,0.00,0.00,2.63,4.64,0.00,0.00,0.00,0.00,0.92,0.85,0.00,0.00,0.00,0.00,0.00,0.00,0.00,1.15,0.68,0.23,0.35,0.62,0.98,1.05,1.03,1.05,1.15,0.00,0.00,0.00,0.00,0.00,0.00,0.00,0.00,0.00,0.00,0.00
4050.5,-2.000,7.000,0.000,0.000,0.000,0,0,0.816,0,0.041,0.025,0.064,0.033,0.078,0.00,1.53,1.70,4.98,4.98,75.87,78.90,12.79,17.06,26.00,27.94,1.03,0.82,3.24,2.53,3.05,1.61,38.38,24.16,17.09,19.82,29.85,0.00,13.68,6.22,0.00,0.00,1.19,0.00,2.82,2.76,0.00,0.00,2.50,2.62,0.00,0.00,0.00,0.00,0.00,0.00,0.00,0.00,2.99,1.57,0.00,0.00,0.00,0.00,0.00,0.00,0.00,0.00,0.00,0.00,0.00,0.00,0.00,0.00,0.00,0.00,0.00,0.00,0.00,0.00,0.00,0.00,0.00,0.00,0.00,0.00,0.00,0.00,0.00,0.00,0.00,0.00,0.00,0.00,0.00,0.00,0.00,0.00,0.00,0.00,0.00,0.00,0.00,0.00,0.00,0.00,0.00,0.00,0.00,0.00,1.06,0.89,0.00,1.71,2.65,2.43,17.35,18.65,0.00,0.00,0.00,0.00,1.52,0.51,0.00,0.00,1.08,1.48,0.81,0.00,0.00,0.00,0.00,0.00,0.00,0.00,0.00,0.00,0.00,0.00,0.00,0.00,29.85,0.00,0.00,0.00,0.00,0.00,0.00,0.00,0.00,0.00,0.00,0.00,0.00,0.00,0.00,0.00,0.00,0.00,0.00,0.00,0.00,0.00,0.00,0.00,0.00,0.00,0.00,0.00,0.00,0.00,0.00,0.00,0.00,0.00,0.00,0.00,0.00,0.00,0.00,0.00,0.00,0.00,29.85,0.00,0.00,0.00,0.00,0.00,0.00,0.00,0.00,0.00,0.00,0.00,0.00,0.00,0.00,0.00,0.00,0.00,0.00,0.00,0.00,0.00,0.00,0.00,0.00,0.00,29.85,0.00,0.00,0.00,0.00,0.00,0.00,0.00,0.00,0.00,0.00,0.00,0.00,0.00,0.00,0.00,0.00,0.00,0.00,0.00,0.00,0.00,0.00,0.00,0.00,0.00,0.00,0.00,0.00,0.00,0.00,0.00,0.00,0.00,0.00,0.00,0.00,0.59,0.24,0.00,0.00,0.00,0.00,0.02,0.02,0.40,0.62,0.71,0.72,3.13,3.05,1.97,3.35,0.00,0.00,2.87,3.39,3.45,3.99,0.00,2.30,0.00,1.38,1.36,0.00,0.00,1.00,0.50,0.36,1.05,0.00,0.00,0.62,0.79,0.00,0.00,4.98,1.07,0.95,1.47,1.03,0.85,0.00,1.14,0.68,0.00,0.00,4.39,1.99,0.00,0.00,0.00,0.00,1.12,1.10,0.00,0.00,0.00,0.00,0.00,0.00,1.11,1.15,2.04,0.93,0.70,0.62,0.98,1.76,2.57,1.57,1.15,1.15,0.00,0.00,0.00,0.00,0.00,0.00,0.00,0.00,0.00,0.00
4150.5,-2.000,7.000,0.000,0.000,0.000,0,0,0.817,0,0.033,0.005,0.077,0.006,0.097,0.00,0.64,1.13,2.49,4.98,76.15,80.86,8.53,12.79,24.25,31.24,1.03,1.03,1.98,3.08,2.35,2.16,34.12,29.85,17.56,16.94,29.85,29.85,7.46,9.95,0.00,0.00,1.19,0.80,2.10,2.16,0.00,0.00,1.43,2.53,0.00,0.00,0.00,0.00,2.84,1.42,2.30,0.00,0.00,0.00,0.00,0.00,0.00,0.00,0.00,0.00,0.00,0.00,0.00,0.00,0.00,0.00,0.00,0.00,0.00,0.00,0.00,0.00,0.00,0.00,0.00,0.00,0.00,0.00,0.00,0.00,0.00,0.00,0.00,0.00,0.00,0.00,0.00,0.00,0.00,0.00,0.00,0.00,0.00,0.00,0.00,0.00,0.00,0.00,0.00,0.00,0.00,0.00,0.00,0.00,0.18,1.61,0.00,0.00,3.07,2.56,17.04,17.81,0.00,0.00,0.00,0.00,0.51,0.00,0.00,0.00,1.08,1.09,0.81,0.81,0.00,0.00,0.00,0.00,0.00,0.00,0.00,0.00,0.00,0.00,0.00,0.00,29.85,59.70,0.00,0.00,3.73,2.60,0.00,0.00,0.00,0.00,0.00,0.00,0.00,0.00,0.00,0.00,0.00,0.00,0.00,0.00,0.00,0.00,0.00,0.00,0.00,0.00,0.00,0.00,0.00,0.00,0.00,0.00,0.00,0.00,0.00,0.00,0.00,0.00,0.00,0.00,0.00,0.00,0.00,0.00,0.00,0.00,0.00,0.00,0.00,0.00,0.00,0.00,0.00,0.00,0.00,0.00,0.00,0.00,0.00,0.00,0.00,0.00,0.00,0.00,0.00,0.00,0.00,0.00,0.00,0.00,0.00,0.00,0.00,0.00,0.00,0.00,0.00,0.00,0.00,0.00,0.00,0.00,0.00,0.00,0.00,0.00,0.00,0.00,0.00,0.00,0.00,0.00,0.00,0.00,0.00,0.00,0.00,0.00,0.00,0.00,0.00,0.00,0.00,0.00,0.00,0.35,0.36,0.00,0.00,0.00,0.00,0.02,0.02,0.00,0.62,0.83,1.03,2.88,3.04,2.89,5.02,0.00,0.00,3.13,3.32,2.84,2.60,2.49,0.00,0.00,3.21,0.90,2.99,0.50,1.00,0.50,1.42,0.21,0.00,0.00,1.85,1.32,0.00,0.00,4.98,2.13,0.47,0.49,1.12,0.71,0.00,1.21,1.13,0.00,0.00,1.76,2.65,0.00,0.00,0.00,2.99,0.88,1.00,0.00,0.00,0.00,0.00,0.00,0.00,0.00,0.00,0.90,0.93,0.35,1.55,0.49,0.70,0.77,0.79,0.00,0.00,0.00,0.00,0.00,0.00,0.00,0.00,0.00,0.00,0.00,0.00
4250.5,-2.000,7.000,0.000,0.000,0.000,0,0,0.817,0,0.006,0.001,0.014,0.001,0.018,2.13,1.42,1.63,2.49,4.98,75.73,81.28,12.79,8.53,21.27,29.16,0.89,0.70,3.06,2.53,3.34,1.75,35.54,21.32,21.07,18.79,59.70,29.85,10.57,6.22,0.00,0.00,0.80,0.40,2.48,2.73,0.79,0.77,2.50,2.71,0.00,0.00,0.00,0.00,0.00,0.00,2.30,3.98,0.00,0.00,0.00,0.00,0.00,0.00,0.00,0.00,0.00,0.00,0.00,0.00,0.00,0.00,0.00,0.00,0.00,0.00,0.00,0.00,0.00,0.00,0.00,0.00,0.00,0.00,0.00,0.00,0.00,0.00,0.00,0.00,0.00,0.00,0.00,0.00,0.00,0.00,0.00,0.00,0.00,0.00,0.01,0.01,0.00,0.00,0.00,0.00,0.00,0.00,0.00,0.00,1.59,1.43,0.00,1.71,2.96,3.19,17.66,17.47,0.00,0.00,0.00,0.00,0.00,1.01,0.00,0.00,0.77,1.19,0.00,2.42,0.00,0.00,0.00,29.85,0.00,0.00,0.00,0.00,0.00,0.00,0.00,0.00,0.00,0.00,0.00,0.00,1.24,0.00,0.00,0.00,0.00,0.00,0.00,0.00,0.00,0.00,0.00,0.00,0.00,0.00,0.00,0.00,0.00,0.00,0.00,0.00,29.85,29.85,0.00,0.00,0.00,0.00,0.00,0.00,0.00,0.00,0.00,0.00,0.00,0.00,0.00,29.85,0.00,0.00,0.00,0.00,0.00,0.00,0.00,0.00,0.00,0.00,0.00,0.00,0.00,0.00,0.00,0.00,0.00,0.00,0.00,0.00,0.00,0.00,0.00,0.00,0.00,0.00,0.00,0.00,0.00,0.00,0.00,0.00,0.00,0.00,0.00,0.00,0.00,0.00,0.00,0.00,0.00,0.00,0.00,0.00,0.00,0.00,0.00,0.00,0.00,0.00,0.00,0.00,0.00,0.00,0.00,0.00,0.00,0.00,0.00,0.00,0.00,0.00,0.00,0.00,0.00,0.83,0.73,0.00,0.00,0.00,0.00,0.02,0.00,0.40,0.31,1.31,1.64,3.15,2.75,3.42,2.65,0.00,0.00,3.00,3.59,3.45,2.78,0.00,2.30,0.00,0.92,1.36,1.00,1.99,1.00,2.99,3.20,1.26,0.00,2.99,1.54,0.53,0.00,0.00,0.00,0.00,0.95,1.47,1.03,0.93,14.93,0.89,0.79,0.00,0.00,1.76,1.99,0.00,0.00,0.00,0.00,1.01,1.03,0.00,0.00,0.00,0.00,0.00,0.00,1.11,2.30,1.13,1.16,1.76,0.93,1.47,0.35,1.54,0.26,1.15,0.00,0.00,0.00,0.00,0.00,0.00,0.00,0.00,0.00,0.00,0.00
4350.5,-2.000,7.000,0.000,0.000,0.000,0,0,0.817,0,0.001,0.000,0.003,0.000,0.003,0.00,1.78,1.16,7.46,2.49,73.11,79.60,12.79,8.53,23.11,30.02,0.97,1.03,2.52,3.08,1.77,1.26,28.43,21.32,16.27,19.13,29.85,29.85,4.98,6.22,0.00,0.00,1.19,0.80,2.38,2.20,0.00,3.06,2.08,1.87,29.85,0.00,0.00,0.00,0.00,0.00,0.00,3.98,0.00,0.00,0.00,0.00,0.00,0.00,0.00,0.00,0.00,0.00,0.00,0.00,0.00,0.00,0.00,0.00,0.00,0.00,0.00,0.00,0.00,0.00,0.00,0.00,0.00,0.00,0.00,0.00,0.00,0.00,0.00,0.00,0.00,0.00,0.00,0.00,0.00,0.00,0.00,0.00,0.00,0.00,0.00,0.00,0.00,0.00,0.00,0.00,0.00,0.00,0.00,0.00,1.24,1.25,0.77,1.71,2.89,3.28,18.29,17.49,0.00,0.00,0.00,1.87,1.01,0.51,0.00,0.00,0.77,1.28,0.00,0.00,0.00,0.00,0.00,29.85,0.00,0.00,29.85,0.00,0.00,0.00,0.00,0.00,29.85,0.00,29.85,0.00,0.00,1.30,0.00,0.00,0.00,0.00,0.00,0.00,0.00,0.00,0.00,0.00,0.00,0.00,0.00,0.00,0.00,0.00,0.00,0.00,0.00,0.00,0.00,0.00,0.00,0.00,0.00,0.00,0.00,0.00,0.00,0.00,0.00,0.00,0.00,0.00,0.00,0.00,0.00,0.00,0.00,0.00,0.00,0.00,0.00,0.00,0.00,0.00,0.00,0.00,0.00,0.00,0.00,0.00,0.00,0.00,0.00,0.00,0.00,0.00,0.00,0.00,0.00,0.00,0.00,0.00,0.00,0.00,0.00,0.00,0.00,0.00,0.00,0.00,0.00,0.00,0.00,0.00,0.00,0.00,0.00,0.00,0.00,0.00,0.00,0.00,0.00,0.00,0.00,0.00,0.00,0.00,0.00,0.00,0.00,0.00,0.00,0.00,0.00,0.00,0.00,0.12,0.36,0.00,0.00,0.00,0.00,0.02,0.02,0.80,0.31,0.71,1.03,3.23,2.72,2.89,4.05,0.00,0.00,2.81,2.69,3.45,3.12,0.00,2.30,0.00,0.92,0.45,1.00,0.00,1.00,0.50,1.07,0.63,0.00,0.00,1.85,0.26,8.53,0.00,0.00,2.13,0.95,0.00,1.04,1.14,0.00,1.14,1.13,0.00,0.00,2.63,2.65,0.00,4.26,0.00,0.00,0.92,0.96,0.00,0.00,0.00,0.00,0.00,0.00,4.42,1.15,1.36,1.39,1.05,0.31,0.49,1.05,1.29,0.79,2.30,2.30,0.00,0.00,0.00,0.00,0.00,0.00,0.00,0.00,0.00,0.00
4450.5,-2.000,7.000,0.000,0.000,0.000,0,0,0.818,0,0.043,0.000,0.107,0.000,0.001,0.00,1.28,1.56,2.49,2.49,74.21,80.02,17.06,8.53,21.53,28.29,0.87,0.80,2.52,3.44,1.80,2.57,32.69,28.43,16.39,19.13,0.00,29.85,8.71,12.44,0.00,0.00,0.80,0.80,2.46,2.45,0.79,0.77,2.04,3.60,0.00,0.00,0.00,0.00,2.84,0.00,4.59,0.00,0.00,0.00,0.00,0.00,0.00,0.00,0.00,0.00,0.00,0.00,0.00,0.00,0.00,0.00,0.00,0.00,0.00,0.00,0.00,0.00,0.00,0.00,0.00,0.00,0.00,0.00,0.00,0.00,0.00,0.00,0.00,0.00,0.00,0.00,0.00,0.00,0.00,0.00,0.00,0.00,0.00,0.00,0.00,0.00,0.00,0.00,0.00,0.00,0.00,0.00,0.00,0.00,0.71,1.43,2.30,2.56,3.13,3.03,17.01,17.05,0.00,0.00,2.30,0.00,1.01,1.52,0.00,0.00,0.93,1.19,0.00,0.00,0.00,0.00,0.00,0.00,0.00,0.00,0.00,0.00,0.00,0.00,0.00,0.00,0.00,0.00,29.85,29.85,0.00,1.30,0.00,0.00,0.00,0.00,0.00,0.00,0.00,0.00,0.00,0.00,0.00,0.00,0.00,0.00,0.00,0.00,0.00,0.00,0.00,0.00,0.00,0.00,0.00,0.00,0.00,0.00,0.00,0.00,0.00,0.00,0.00,0.00,0.00,29.85,0.00,0.00,0.00,0.00,0.00,0.00,0.00,0.00,0.00,0.00,0.00,0.00,0.00,0.00,29.85,29.85,29.85,0.00,0.00,0.00,0.00,0.00,0.00,0.00,0.00,0.00,0.00,0.00,0.00,0.00,0.00,0.00,0.00,0.00,0.00,0.00,0.00,0.00,0.00,0.00,0.00,0.00,0.00,0.00,0.00,0.00,0.00,0.00,0.00,0.00,0.00,0.00,0.00,0.00,0.00,0.00,0.00,0.00,0.00,0.00,0.00,0.00,0.00,0.00,0.00,0.24,0.61,0.00,0.00,0.00,0.00,0.02,0.01,0.00,0.31,0.95,0.92,2.63,2.72,2.63,2.51,0.00,0.00,3.32,3.04,4.06,2.95,2.49,0.00,0.00,1.84,0.90,2.99,2.49,2.99,2.49,0.36,1.89,0.00,0.00,1.54,0.79,4.26,4.26,0.00,0.00,0.95,0.98,1.27,0.89,0.00,1.08,0.90,0.00,0.00,1.32,2.65,0.00,0.00,0.00,2.99,1.20,1.25,0.00,0.00,0.00,0.00,0.00,0.00,5.53,0.00,1.81,0.46,2.46,3.11,3.91,4.57,1.29,2.36,1.15,3.44,0.00,0.00,0.00,0.00,0.00,0.00,0.00,0.00,0.00,0.00
4550.5,-2.000,7.000,0.000,0.000,0.000,0,0,0.818,0,0.008,0.000,0.020,0.000,0.000,0.00,1.21,1.53,4.98,2.49,74.49,79.74,12.79,12.79,23.20,28.20,0.89,0.91,2.16,2.89,2.57,1.06,28.43,19.90,15.92,16.71,59.70,29.85,14.30,6.84,0.00,0.00,1.19,0.80,2.23,2.42,0.00,0.00,2.36,2.53,0.00,0.00,0.00,0.00,2.84,1.42,2.30,0.00,0.00,0.00,0.00,0.00,0.00,0.00,0.00,0.00,0.00,0.00,0.00,0.00,0.00,0.00,0.00,0.00,0.00,0.00,0.00,0.00,0.00,0.00,0.00,0.00,0.00,0.00,0.00,0.00,0.00,0.00,0.00,0.00,0.00,0.00,0.00,0.00,0.00,0.00,0.00,0.00,0.00,0.00,0.00,0.00,0.00,0.00,0.00,0.00,0.00,0.00,0.00,0.00,2.12,1.43,0.77,3.41,3.13,2.82,17.76,17.44,0.00,0.00,0.00,0.00,0.00,1.01,0.00,0.00,1.08,1.09,0.81,0.00,0.00,0.00,0.00,29.85,0.00,0.00,0.00,0.00,0.00,0.00,0.00,0.00,29.85,29.85,0.00,0.00,0.00,0.00,0.00,0.00,0.00,0.00,0.00,0.00,0.00,0.00,0.00,0.00,0.00,0.00,0.00,0.00,0.00,0.00,0.00,0.00,14.93,29.85,0.00,0.00,0.00,0.00,0.00,0.00,0.00,0.00,0.00,0.00,0.00,0.00,0.00,0.00,0.00,0.00,0.00,0.00,0.00,0.00,0.00,0.00,0.00,0.00,0.00,0.00,0.00,0.00,0.00,0.00,0.00,0.00,0.00,0.00,0.00,0.00,0.00,0.00,0.00,0.00,0.00,0.00,0.00,0.00,0.00,0.00,0.00,0.00,0.00,0.00,0.00,0.00,0.00,0.00,0.00,0.00,0.00,0.00,0.00,0.00,0.00,0.00,0.00,0.00,0.00,0.00,0.00,0.00,0.00,0.00,0.00,0.00,0.00,0.00,0.00,0.00,0.00,0.00,0.00,0.83,0.73,1.61,0.00,0.00,0.00,0.02,0.00,1.19,1.23,1.43,1.33,2.70,2.98,3.55,2.37,0.00,0.00,3.51,2.56,3.05,3.12,0.00,2.30,0.00,2.76,1.36,1.00,0.50,0.50,0.00,1.07,1.47,4.59,0.00,0.62,1.06,0.00,0.00,0.00,2.13,1.90,1.96,1.08,0.98,0.00,0.89,0.39,0.00,0.00,4.39,2.65,0.00,0.00,3.32,2.99,1.31,1.34,0.00,0.00,0.00,0.00,0.00,0.00,1.11,1.15,2.71,1.85,1.05,1.24,2.45,2.81,1.80,1.83,3.44,2.30,0.00,0.00,0.00,0.00,0.00,0.00,0.00,0.00,0.00,0.00
4650.5,-2.000,7.000,0.000,0.000,0.000,0,0,0.819,0,0.053,0.000,0.131,0.000,0.000,4.26,1.67,1.13,2.49,2.49,74.77,82.26,12.79,12.79,22.32,28.98,1.18,1.14,1.80,3.98,1.25,2.22,28.43,31.27,16.97,18.21,29.85,29.85,10.57,11.19,0.00,0.00,1.19,2.39,2.68,2.75,0.79,0.77,2.22,2.76,0.00,0.00,0.00,0.00,1.42,2.84,0.00,1.99,0.00,0.00,0.00,0.00,0.00,0.00,0.00,0.00,0.00,0.00,0.00,0.00,0.00,0.00,0.00,0.00,0.00,0.00,0.00,0.00,0.00,0.00,0.00,0.00,0.00,0.00,0.00,0.00,0.00,0.00,0.00,0.00,0.00,0.00,0.00,0.00,0.00,0.00,0.00,0.00,0.00,0.00,0.00,0.00,0.00,0.00,0.00,0.00,0.00,0.00,0.00,0.00,0.71,0.71,0.00,0.00,2.96,3.03,17.24,17.68,0.00,0.00,0.00,3.73,0.51,0.00,0.00,0.00,0.77,0.79,2.42,0.81,0.00,0.00,29.85,0.00,0.00,0.00,0.00,0.00,0.00,0.00,0.00,0.00,0.00,0.00,29.85,0.00,1.24,1.30,0.00,0.00,0.00,0.00,0.00,0.00,0.00,0.00,0.00,0.00,0.00,0.00,0.00,0.00,0.00,0.00,0.00,0.00,0.00,0.00,0.00,0.00,0.00,0.00,0.00,0.00,0.00,0.00,0.00,0.00,0.00,0.00,0.00,0.00,0.00,0.00,0.00,0.00,14.93,0.00,0.00,0.00,0.00,0.00,0.00,0.00,0.00,0.00,59.70,29.85,14.93,0.00,0.00,0.00,0.00,0.00,0.00,0.00,0.00,0.00,0.00,0.00,0.00,0.00,0.00,0.00,0.00,0.00,0.00,0.00,0.00,0.00,0.00,0.00,0.00,0.00,0.00,0.00,0.00,0.00,0.00,0.00,0.00,0.00,0.00,0.00,0.00,0.00,0.00,0.00,0.00,0.00,0.00,0.00,0.00,0.00,0.00,0.00,0.00,0.12,0.36,0.00,0.00,0.00,0.00,0.01,0.00,0.80,0.92,0.95,2.05,2.84,3.10,2.89,2.93,0.00,0.00,2.23,3.45,2.64,2.60,2.49,2.30,0.00,4.59,0.45,6.47,3.48,1.49,2.99,0.71,0.63,9.18,5.97,1.23,0.79,4.26,0.00,0.00,1.07,0.95,0.00,1.39,0.95,0.00,1.33,0.79,0.00,0.00,2.63,1.99,0.00,0.00,0.00,0.00,1.16,1.00,0.00,0.00,0.00,0.00,0.00,0.00,1.11,2.30,1.36,0.93,2.11,2.49,1.96,0.35,0.51,1.57,6.89,3.44,0.00,0.00,0.00,0.00,0.00,0.00,0.00,0.00,0.00,0.00
4750.5,-2.000,7.000,0.000,0.000,0.000,0,0,0.819,0,0.052,0.000,0.131,0.000,0.000,0.00,1.82,1.40,4.98,0.00,73.66,81.14,8.53,17.06,21.80,27.85,0.59,1.12,3.42,2.71,2.16,2.17,35.54,24.16,16.86,20.63,29.85,0.00,9.33,9.95,0.00,0.00,1.19,0.40,3.04,2.66,0.79,0.77,3.38,3.51,29.85,0.00,9.95,19.90,1.42,0.00,0.00,1.99,0.00,0.00,0.00,14.93,0.00,0.00,0.00,0.00,0.00,0.00,0.00,0.00,0.00,0.00,0.00,0.00,0.00,0.00,0.00,0.00,0.00,0.00,0.00,0.00,0.00,0.00,0.00,0.00,0.00,0.00,0.00,0.00,0.00,0.00,0.00,0.00,0.00,0.00,0.00,0.00,0.00,0.00,0.01,0.01,0.00,0.00,0.00,0.00,0.00,0.00,0.00,0.00,1.06,1.07,2.30,0.00,3.00,2.66,17.45,17.49,0.00,14.93,0.00,0.00,0.51,1.01,0.00,0.00,1.70,1.19,0.00,0.81,0.00,0.00,0.00,0.00,0.00,0.00,0.00,29.85,29.85,29.85,0.00,0.00,0.00,0.00,29.85,0.00,0.00,0.00,0.00,0.00,0.00,0.00,0.00,0.00,0.00,0.00,0.00,0.00,0.00,0.00,0.00,0.00,0.00,0.00,0.00,0.00,0.00,29.85,0.00,0.00,0.00,0.00,0.00,0.00,0.00,0.00,0.00,0.00,0.00,0.00,29.85,0.00,29.85,0.00,0.00,0.00,0.00,0.00,0.00,0.00,0.00,0.00,0.00,0.00,0.00,0.00,29.85,29.85,0.00,0.00,0.00,0.00,0.00,0.00,0.00,0.00,0.00,0.00,0.00,0.00,0.00,0.00,0.00,0.00,0.00,0.00,0.00,0.00,0.00,0.00,0.00,0.00,0.00,0.00,0.00,0.00,0.00,0.00,0.00,0.00,0.00,0.00,0.00,0.00,0.00,0.00,0.00,0.00,0.00,0.00,0.00,0.00,0.00,0.00,0.00,0.00,0.00,0.83,0.73,1.61,0.00,0.00,0.00,0.02,0.01,0.40,1.85,1.78,0.62,3.12,2.71,2.37,2.65,0.00,0.00,3.38,3.73,3.05,3.47,0.00,0.00,0.00,2.76,2.26,0.00,2.49,1.99,2.49,1.07,1.05,0.00,2.99,0.62,0.79,4.26,0.00,0.00,1.07,0.47,1.47,0.95,0.96,0.00,1.02,1.30,0.00,0.00,2.63,3.32,0.00,0.00,0.00,2.99,1.01,0.97,0.00,0.00,0.00,0.00,0.00,0.00,3.32,0.00,1.58,0.69,0.70,0.93,4.89,1.40,1.54,1.31,1.15,3.44,0.00,0.00,0.00,0.00,0.00,0.00,0.00,0.00,0.00,0.00
4850.5,-2.000,7.000,0.000,0.000,0.000,0,0,0.819,0,0.140,0.175,0.086,0.082,0.000,0.00,1.35,1.10,0.00,2.49,73.94,79.32,8.53,8.53,22.41,28.46,1.01,1.31,2.34,3.62,2.33,2.05,32.69,25.59,18.85,19.82,29.85,0.00,11.19,11.82,0.00,0.00,2.39,0.80,2.43,2.32,1.57,1.53,1.30,2.01,0.00,0.00,0.00,0.00,0.00,1.42,0.00,0.00,1.49,0.00,0.00,0.00,0.00,0.00,0.00,0.00,0.00,0.00,0.00,0.00,0.00,0.00,0.00,0.00,0.00,0.00,0.00,0.00,0.00,0.00,0.00,0.00,0.00,0.00,0.00,0.00,0.00,0.00,0.00,0.00,0.00,0.00,0.00,0.00,0.00,0.00,0.00,0.00,0.00,0.00,0.01,0.00,0.00,0.00,0.00,0.00,0.00,0.00,0.00,0.00,1.24,0.54,0.00,0.85,2.96,3.28,16.91,18.10,7.46,0.00,0.00,0.00,0.51,0.51,0.00,0.00,1.55,0.59,3.23,0.81,0.00,7.46,0.00,0.00,0.00,0.00,0.00,0.00,0.00,0.00,0.00,0.00,0.00,0.00,0.00,0.00,0.00,0.00,0.00,0.00,0.00,0.00,0.00,0.00,0.00,0.00,0.00,0.00,0.00,0.00,0.00,0.00,0.00,0.00,0.00,0.00,0.00,0.00,0.00,0.00,0.00,0.00,0.00,0.00,0.00,0.00,0.00,0.00,0.00,0.00,0.00,0.00,0.00,0.00,0.00,0.00,0.00,0.00,0.00,0.00,0.00,0.00,0.00,0.00,0.00,0.00,0.00,0.00,0.00,0.00,0.00,0.00,0.00,0.00,0.00,0.00,0.00,0.00,0.00,0.00,0.00,0.00,0.00,0.00,0.00,0.00,0.00,0.00,0.00,0.00,0.00,0.00,0.00,0.00,0.00,0.00,0.00,0.00,0.00,0.00,0.00,0.00,0.00,0.00,0.00,0.00,0.00,0.00,0.00,0.00,0.00,0.00,0.00,0.00,0.00,0.00,0.00,0.59,0.49,0.00,0.00,0.00,0.00,0.01,0.01,0.00,0.92,2.14,1.85,2.84,2.72,1.97,3.49,9.95,0.00,2.81,2.97,3.66,1.91,0.00,2.30,0.00,0.92,2.26,1.00,2.99,1.00,3.48,1.42,0.42,4.59,2.99,1.23,0.26,4.26,0.00,0.00,1.07,0.47,0.98,1.14,1.08,0.00,0.95,0.68,0.00,0.00,1.76,4.64,0.00,0.00,0.00,0.00,1.01,0.97,0.00,0.00,0.00,0.00,0.00,0.00,3.32,1.15,1.13,0.69,1.76,3.11,1.96,3.16,1.29,0.52,5.74,5.74,0.00,0.00,0.00,0.00,0.00,0.00,0.00,0.00,0.00,0.00
4950.5,-2.000,7.000,0.000,0.000,0.000,0,0,0.820,0,0.026,0.033,0.016,0.062,0.070,4.26,1.39,1.43,0.00,4.98,76.29,79.60,12.79,12.79,21.80,29.85,0.99,1.16,5.04,3.44,1.99,2.80,27.01,21.32,17.21,20.28,0.00,59.70,8.71,16.17,0.00,0.00,0.80,0.80,2.41,2.16,2.36,0.00,2.73,2.39,0.00,0.00,0.00,0.00,0.00,0.00,0.00,0.00,0.00,4.71,0.00,0.00,0.00,0.00,0.00,0.00,0.00,0.00,0.00,0.00,0.00,0.00,0.00,0.00,0.00,0.00,0.00,0.00,0.00,0.00,0.00,0.00,0.00,0.00,0.00,0.00,0.00,0.00,0.00,0.00,0.00,0.00,0.00,0.00,0.00,0.00,0.00,0.00,0.00,0.00,0.01,0.01,0.00,0.00,0.00,0.00,0.00,0.00,0.00,0.00,0.53,0.71,1.53,2.56,2.89,3.12,17.97,17.28,0.00,0.00,0.00,1.87,0.51,2.02,0.00,0.00,0.62,1.09,0.00,1.61,0.00,0.00,0.00,0.00,0.00,9.95,0.00,29.85,0.00,0.00,0.00,0.00,29.85,0.00,0.00,0.00,0.00,1.30,0.00,0.00,0.00,0.00,0.00,0.00,0.00,0.00,0.00,0.00,0.00,0.00,0.00,0.00,0.00,0.00,0.00,0.00,0.00,0.00,0.00,0.00,0.00,0.00,0.00,0.00,0.00,0.00,0.00,0.00,0.00,0.00,0.00,0.00,0.00,0.00,0.00,0.00,0.00,0.00,0.00,0.00,0.00,0.00,0.00,0.00,0.00,0.00,0.00,0.00,0.00,0.00,0.00,0.00,0.00,0.00,0.00,0.00,0.00,0.00,0.00,0.00,0.00,0.00,0.00,0.00,0.00,0.00,0.00,0.00,0.00,0.00,0.00,0.00,0.00,0.00,0.00,0.00,0.00,0.00,0.00,0.00,0.00,0.00,0.00,0.00,0.00,0.00,0.00,0.00,0.00,0.00,0.00,0.00,0.00,0.00,0.00,0.00,0.00,0.47,0.36,1.61,1.87,0.00,0.00,0.02,0.02,0.80,0.00,1.19,0.82,2.78,2.96,3.55,3.21,4.98,4.98,3.13,2.42,3.66,2.08,0.00,0.00,0.00,0.00,1.36,1.99,2.49,0.50,1.00,0.71,1.05,11.48,8.96,0.62,0.26,0.00,0.00,0.00,3.20,0.00,0.98,0.99,0.96,0.00,1.21,1.30,0.00,0.00,5.27,0.66,3.73,4.26,0.00,0.00,0.90,1.19,0.00,0.00,0.00,0.00,0.00,0.00,1.11,4.59,2.04,0.69,1.40,0.31,0.00,0.35,1.54,1.05,4.59,1.15,7.46,0.00,0.00,0.00,0.00,0.00,0.00,0.00,0.00,0.00
5050.5,-2.000,7.000,0.000,0.000,0.000,0,0,0.820,0,0.005,0.006,0.003,0.012,0.041,0.00,1.18,0.80,2.49,4.98,73.52,79.18,8.53,8.53,23.20,29.50,1.03,1.08,2.34,2.71,2.08,2.48,29.85,24.16,17.21,19.02,0.00,29.85,8.08,10.57,0.00,0.00,1.59,1.99,2.16,2.39,0.79,0.77,1.20,1.73,0.00,0.00,0.00,0.00,1.42,1.42,0.00,0.00,1.49,0.00,0.00,0.00,0.00,0.00,0.00,0.00,0.00,0.00,0.00,0.00,0.00,0.00,0.00,0.00,0.00,0.00,0.00,0.00,0.00,0.00,0.00,0.00,0.00,0.00,0.00,0.00,0.00,0.00,0.00,0.00,0.00,0.00,0.00,0.00,0.00,0.00,0.00,0.00,0.00,0.00,0.01,0.00,0.00,0.00,0.00,0.00,0.00,0.00,0.00,0.00,0.53,1.43,2.30,0.85,2.96,3.14,16.93,17.52,0.00,0.00,0.00,3.73,1.01,0.00,0.00,0.00,0.46,1.68,3.23,0.81,0.00,0.00,0.00,0.00,0.00,0.00,0.00,0.00,0.00,0.00,0.00,0.00,0.00,0.00,29.85,0.00,2.49,1.30,0.00,0.00,0.00,0.00,0.00,0.00,0.00,0.00,0.00,0.00,0.00,0.00,0.00,0.00,0.00,0.00,0.00,0.00,0.00,0.00,0.00,0.00,0.00,0.00,0.00,0.00,0.00,0.00,0.00,0.00,0.00,0.00,0.00,0.00,0.00,0.00,0.00,0.00,0.00,0.00,0.00,0.00,0.00,0.00,0.00,0.00,0.00,0.00,0.00,0.00,0.00,0.00,0.00,0.00,0.00,0.00,0.00,0.00,0.00,9.95,0.00,0.00,0.00,0.00,0.00,0.00,0.00,0.00,0.00,0.00,0.00,0.00,0.00,0.00,0.00,0.00,0.00,0.00,0.00,0.00,0.00,0.00,0.00,0.00,0.00,0.00,0.00,0.00,0.00,0.00,0.00,0.00,0.00,0.00,0.00,0.00,0.00,0.00,0.00,0.12,0.49,0.00,0.00,0.00,0.00,0.00,0.02,0.80,0.62,0.95,0.62,2.91,2.77,3.42,3.35,0.00,0.00,3.00,2.69,4.26,2.78,0.00,0.00,0.00,0.46,0.90,3.48,0.00,0.00,1.49,0.71,1.89,0.00,2.99,1.23,1.85,0.00,0.00,0.00,1.07,0.47,0.49,0.97,0.96,0.00,1.46,0.56,0.00,0.00,3.51,3.98,3.73,0.00,0.00,2.99,0.97,0.92,0.00,0.00,0.00,0.00,0.00,0.00,0.00,0.00,2.71,0.23,1.05,1.87,0.00,1.05,1.29,0.52,6.89,6.89,0.00,0.00,0.00,0.00,0.00,0.00,0.00,0.00,0.00,0.00
5150.5,-2.000,7.000,0.000,0.000,0.000,0,0,0.821,0,0.001,0.001,0.001,0.002,0.008,2.13,1.21,0.96,2.49,4.98,76.29,78.76,4.26,4.26,23.72,30.46,0.99,0.95,2.16,2.89,2.13,2.31,31.27,25.59,18.96,20.17,0.00,29.85,8.08,8.71,0.00,0.00,1.59,0.40,2.06,2.03,0.79,1.53,1.90,1.64,0.00,0.00,0.00,0.00,1.42,0.00,2.30,0.00,0.00,0.00,0.00,0.00,0.00,0.00,0.00,0.00,0.00,0.00,0.00,0.00,0.00,0.00,0.00,0.00,0.00,0.00,0.00,0.00,0.00,0.00,0.00,0.00,0.00,0.00,0.00,0.00,0.00,0.00,0.00,0.00,0.00,0.00,0.00,0.00,0.00,0.00,0.00,0.00,0.00,0.00,0.00,0.00,0.00,0.00,0.00,0.00,0.00,0.00,0.00,0.00,2.30,0.71,1.53,0.85,3.09,3.19,17.06,17.44,0.00,0.00,2.30,0.00,0.00,0.51,0.00,0.00,0.77,1.09,0.81,1.61,0.00,0.00,0.00,0.00,0.00,0.00,29.85,0.00,0.00,0.00,0.00,0.00,0.00,29.85,29.85,0.00,0.00,2.60,0.00,0.00,0.00,0.00,0.00,0.00,0.00,0.00,0.00,0.00,0.00,0.00,0.00,0.00,0.00,0.00,0.00,0.00,14.93,29.85,0.00,0.00,0.00,0.00,0.00,0.00,0.00,0.00,0.00,0.00,0.00,0.00,29.85,0.00,0.00,0.00,0.00,0.00,0.00,0.00,0.00,0.00,0.00,0.00,0.00,0.00,0.00,0.00,0.00,0.00,29.85,0.00,0.00,0.00,0.00,0.00,0.00,0.00,0.00,0.00,0.00,0.00,0.00,0.00,0.00,0.00,0.00,0.00,0.00,0.00,0.00,0.00,0.00,0.00,0.00,0.00,0.00,0.00,0.00,0.00,0.00,0.00,0.00,0.00,0.00,0.00,0.00,0.00,0.00,0.00,0.00,0.00,0.00,0.00,0.00,0.00,0.00,0.00,0.00,0.35,0.24,0.00,0.00,0.00,0.00,0.02,0.02,0.00,0.62,0.24,1.44,2.78,3.16,3.68,3.07,0.00,4.98,2.93,3.39,1.83,2.78,0.00,0.00,0.00,1.38,0.45,0.00,0.00,0.00,1.99,2.13,0.84,0.00,0.00,0.92,1.58,0.00,0.00,0.00,0.00,1.42,0.49,0.99,0.95,0.00,1.21,0.96,0.00,0.00,3.07,1.99,0.00,8.53,0.00,0.00,0.91,0.92,0.00,0.00,0.00,0.00,0.00,0.00,0.00,1.15,0.23,1.85,1.76,1.24,0.98,0.70,1.29,0.52,1.15,1.15,0.00,0.00,0.00,0.00,0.00,0.00,0.00,0.00,0.00,0.00
5250.5,-2.000,7.000,0.000,0.000,0.000,0,0,0.821,0,0.000,0.000,0.000,0.000,0.001,0.00,1.50,1.03,2.49,0.00,72.83,80.72,12.79,17.06,21.18,29.50,0.91,0.99,2.70,2.89,1.63,2.31,32.69,27.01,16.15,20.63,29.85,29.85,9.33,13.06,0.00,0.00,0.80,0.80,2.55,2.39,0.00,2.30,2.73,2.34,0.00,0.00,0.00,0.00,2.84,1.42,0.00,3.98,0.00,1.57,0.00,0.00,0.00,0.00,0.00,0.00,0.00,0.00,0.00,0.00,0.00,0.00,0.00,0.00,0.00,0.00,0.00,0.00,0.00,0.00,0.00,0.00,0.00,0.00,0.00,0.00,0.00,0.00,0.00,0.00,0.00,0.00,0.00,0.00,0.00,0.00,0.00,0.00,0.00,0.00,0.00,0.00,0.00,0.00,0.00,0.00,0.00,0.00,0.00,0.00,0.88,1.43,0.00,0.00,3.35,2.86,17.87,18.52,7.46,0.00,0.00,0.00,0.51,0.00,0.00,0.00,1.08,0.99,0.00,1.61,0.00,0.00,29.85,0.00,0.00,0.00,29.85,0.00,0.00,0.00,0.00,0.00,0.00,0.00,0.00,0.00,1.24,2.60,0.00,0.00,0.00,0.00,0.00,0.00,0.00,0.00,0.00,0.00,0.00,0.00,0.00,0.00,0.00,0.00,0.00,0.00,29.85,0.00,0.00,14.93,0.00,0.00,0.00,0.00,0.00,0.00,0.00,0.00,0.00,0.00,0.00,0.00,0.00,0.00,0.00,0.00,0.00,0.00,0.00,0.00,0.00,0.00,0.00,0.00,0.00,0.00,0.00,0.00,0.00,0.00,0.00,0.00,0.00,0.00,0.00,0.00,0.00,0.00,0.00,0.00,0.00,0.00,0.00,0.00,0.00,0.00,0.00,0.00,0.00,0.00,0.00,0.00,0.00,0.00,0.00,0.00,0.00,0.00,0.00,0.00,0.00,0.00,0.00,0.00,0.00,0.00,0.00,0.00,0.00,0.00,0.00,0.00,0.00,0.00,0.00,0.00,0.00,0.24,0.12,0.00,0.00,0.00,0.00,0.01,0.01,0.00,1.23,2.02,1.44,3.02,2.93,2.63,3.07,4.98,0.00,2.55,3.04,2.84,1.74,0.00,2.30,0.00,1.38,0.90,0.00,1.00,1.00,2.49,0.36,0.42,0.00,0.00,0.62,1.85,0.00,4.26,0.00,0.00,0.95,1.47,1.25,1.16,0.00,1.02,0.96,0.00,0.00,3.07,1.99,0.00,0.00,3.32,2.99,1.11,1.24,0.00,0.00,0.00,0.00,0.00,0.00,3.32,1.15,1.13,1.62,2.11,0.93,0.98,0.70,1.80,1.31,5.74,6.89,7.46,0.00,0.00,0.00,0.00,0.00,0.00,0.00,0.00,0.00
5350.5,-2.000,7.000,0.000,0.000,0.000,0,0,0.821,0,0.052,0.000,0.130,0.000,0.000,2.13,1.50,1.16,4.98,2.49,73.52,78.62,12.79,17.06,23.99,28.46,1.03,0.80,3.42,3.44,2.71,2.59,31.27,31.27,16.15,17.86,29.85,29.85,13.68,13.68,0.00,0.00,1.19,1.59,2.43,2.16,0.79,0.77,1.94,2.34,0.00,0.00,9.95,0.00,0.00,0.00,0.00,0.00,0.00,0.00,0.00,0.00,0.00,0.00,0.00,0.00,0.00,0.00,0.00,0.00,0.00,0.00,0.00,0.00,0.00,0.00,0.00,0.00,0.00,0.00,0.00,0.00,0.00,0.00,0.00,0.00,0.00,0.00,0.00,0.00,0.00,0.00,0.00,0.00,0.00,0.00,0.00,0.00,0.00,0.00,0.00,0.00,0.00,0.00,0.00,0.00,0.00,0.00,0.00,0.00,0.71,1.61,0.00,2.56,3.07,3.19,18.05,17.55,0.00,0.00,0.00,1.87,1.52,2.53,0.00,0.00,1.39,0.79,0.81,1.61,0.00,0.00,0.00,0.00,0.00,0.00,0.00,0.00,0.00,0.00,0.00,0.00,0.00,0.00,0.00,0.00,0.00,1.30,0.00,0.00,0.00,0.00,0.00,0.00,0.00,0.00,0.00,0.00,0.00,0.00,0.00,0.00,0.00,0.00,0.00,0.00,0.00,0.00,0.00,0.00,0.00,0.00,0.00,0.00,0.00,0.00,0.00,0.00,0.00,0.00,29.85,29.85,0.00,0.00,0.00,0.00,0.00,0.00,0.00,0.00,0.00,0.00,0.00,0.00,0.00,0.00,29.85,29.85,0.00,0.00,0.00,0.00,0.00,0.00,0.00,0.00,0.00,0.00,0.00,0.00,0.00,0.00,0.00,0.00,0.00,0.00,0.00,0.00,0.00,0.00,0.00,0.00,0.00,0.00,0.00,0.00,0.00,0.00,0.00,0.00,0.00,0.00,0.00,0.00,0.00,0.00,0.00,0.00,0.00,0.00,0.00,0.00,0.00,0.00,0.00,0.00,0.00,0.35,0.36,0.00,0.00,0.00,0.00,0.02,0.01,0.40,0.62,0.24,0.82,2.95,3.09,3.42,3.63,0.00,0.00,3.19,3.04,3.45,2.78,0.00,0.00,0.00,1.38,0.00,0.50,0.00,0.00,0.00,0.71,1.26,0.00,0.00,0.62,1.58,0.00,0.00,0.00,1.07,0.00,0.49,0.72,0.68,0.00,1.02,1.30,0.00,0.00,3.51,2.65,3.73,0.00,0.00,0.00,0.95,0.92,0.00,0.00,0.00,0.00,0.00,0.00,2.21,1.15,1.36,1.85,1.40,1.55,0.98,1.76,1.80,1.31,3.44,1.15,0.00,0.00,0.00,0.00,0.00,0.00,0.00,0.00,0.00,0.00
5450.5,-2.000,7.000,0.000,0.000,0.000,0,0,0.822,0,0.010,0.000,0.024,0.000,0.000,0.00,1.25,1.30,2.49,2.49,74.07,79.04,4.26,8.53,22.15,29.85,0.82,1.14,3.42,3.80,2.09,1.87,32.69,27.01,15.69,18.56,29.85,0.00,13.06,10.57,0.00,0.00,0.00,1.19,2.25,2.39,0.79,1.53,2.41,2.06,0.00,0.00,0.00,0.00,1.42,0.00,0.00,0.00,0.00,0.00,0.00,0.00,0.00,0.00,0.00,0.00,0.00,0.00,0.00,0.00,0.00,0.00,0.00,0.00,0.00,0.00,0.00,0.00,0.00,0.00,0.00,0.00,0.00,0.00,0.00,0.00,0.00,0.00,0.00,0.00,0.00,0.00,0.00,0.00,0.00,0.00,0.00,0.00,0.00,0.00,0.00,0.00,0.00,0.00,0.00,0.00,0.00,0.00,0.00,0.00,1.06,0.54,1.53,3.41,2.67,3.00,17.37,16.78,0.00,0.00,0.00,1.87,1.52,1.52,0.00,0.00,0.77,0.59,1.61,0.00,0.00,0.00,0.00,0.00,0.00,0.00,0.00,0.00,0.00,0.00,0.00,0.00,0.00,29.85,0.00,0.00,1.24,1.30,0.00,0.00,0.00,0.00,0.00,0.00,0.00,0.00,0.00,0.00,0.00,0.00,0.00,0.00,0.00,0.00,0.00,0.00,29.85,29.85,0.00,0.00,0.00,0.00,0.00,0.00,0.00,0.00,0.00,0.00,0.00,0.00,0.00,0.00,0.00,0.00,0.00,0.00,0.00,0.00,0.00,0.00,0.00,0.00,0.00,0.00,0.00,0.00,0.00,0.00,0.00,0.00,0.00,0.00,0.00,0.00,0.00,0.00,0.00,0.00,0.00,0.00,29.85,0.00,0.00,0.00,0.00,0.00,0.00,0.00,0.00,0.00,0.00,0.00,0.00,0.00,0.00,0.00,0.00,0.00,0.00,0.00,0.00,0.00,0.00,0.00,0.00,0.00,0.00,0.00,0.00,0.00,0.00,0.00,0.00,0.00,0.00,0.00,0.00,1.18,0.49,1.61,0.00,0.00,0.00,0.02,0.01,1.19,0.31,1.19,1.33,2.99,2.75,2.50,2.65,0.00,0.00,2.42,3.25,2.84,3.30,0.00,0.00,29.85,2.30,2.26,1.99,0.50,0.50,0.00,1.07,0.42,0.00,2.99,0.62,1.32,0.00,0.00,0.00,4.26,2.37,1.47,1.39,0.98,0.00,0.76,0.84,0.00,0.00,0.88,1.99,0.00,0.00,0.00,0.00,1.18,1.16,0.00,0.00,0.00,0.00,0.00,0.00,1.11,1.15,1.13,1.62,2.11,2.80,1.96,1.40,1.54,0.79,12.63,12.63,0.00,0.00,0.00,0.00,0.00,0.00,0.00,0.00,0.00,0.00
5550.5,-2.000,7.000,0.000,0.000,0.000,0,0,0.822,0,0.143,0.160,0.118,0.070,0.000,2.13,1.60,1.20,4.98,2.49,74.07,78.34,17.06,8.53,23.46,28.20,1.18,0.93,5.39,3.80,2.77,2.06,38.38,25.59,14.87,18.56,59.70,29.85,14.93,9.33,0.00,0.00,0.40,1.19,2.48,2.62,0.00,0.00,2.45,3.93,0.00,0.00,0.00,0.00,0.00,1.42,0.00,1.99,0.00,0.00,0.00,0.00,0.00,0.00,0.00,0.00,0.00,0.00,0.00,0.00,0.00,0.00,0.00,0.00,0.00,0.00,0.00,0.00,0.00,0.00,0.00,0.00,0.00,0.00,0.00,0.00,0.00,0.00,0.00,0.00,0.00,0.00,0.00,0.00,0.00,0.00,0.00,0.00,0.00,0.00,0.00,0.00,0.00,0.00,0.00,0.00,0.00,0.00,0.00,0.00,0.71,0.89,2.30,1.71,3.07,3.07,18.03,17.39,0.00,0.00,0.00,0.00,2.02,0.51,0.00,0.00,1.55,1.28,0.00,0.81,0.00,0.00,0.00,0.00,0.00,0.00,0.00,29.85,0.00,0.00,0.00,0.00,29.85,0.00,29.85,29.85,0.00,0.00,0.00,0.00,0.00,0.00,0.00,0.00,0.00,0.00,0.00,0.00,0.00,0.00,0.00,0.00,0.00,0.00,0.00,0.00,0.00,0.00,0.00,0.00,0.00,0.00,0.00,0.00,0.00,0.00,0.00,0.00,0.00,0.00,0.00,0.00,0.00,29.85,0.00,0.00,0.00,0.00,0.00,29.85,0.00,0.00,0.00,0.00,0.00,0.00,29.85,29.85,0.00,0.00,0.00,0.00,0.00,29.85,0.00,0.00,0.00,0.00,0.00,0.00,0.00,0.00,0.00,0.00,0.00,0.00,0.00,0.00,0.00,0.00,0.00,0.00,0.00,0.00,0.00,0.00,0.00,0.00,0.00,0.00,0.00,0.00,0.00,0.00,0.00,0.00,0.00,0.00,0.00,0.00,0.00,0.00,0.00,0.00,0.00,0.00,0.00,0.35,1.09,1.61,0.00,0.00,0.00,0.03,0.03,0.00,0.62,1.19,1.23,2.91,2.83,4.21,3.07,0.00,0.00,2.68,3.04,3.45,2.78,0.00,0.00,0.00,5.05,1.36,1.49,1.00,0.50,1.99,0.36,1.47,4.59,0.00,1.54,0.79,12.79,0.00,9.95,0.00,2.37,1.47,1.25,1.37,0.00,1.02,0.90,0.00,0.00,1.32,3.32,0.00,0.00,0.00,0.00,1.07,1.26,0.00,0.00,0.00,0.00,0.00,0.00,1.11,0.00,1.58,0.93,1.76,1.55,2.45,1.76,1.03,0.79,8.04,3.44,0.00,0.00,0.00,0.00,0.00,0.00,0.00,0.00,0.00,0.00
5650.5,-2.000,7.000,0.000,0.000,0.000,0,0,0.823,0,0.052,0.030,0.084,0.013,0.000,0.00,0.96,1.00,2.49,2.49,76.15,80.30,17.06,17.06,21.36,29.42,0.99,0.80,3.60,3.80,2.87,2.94,31.27,29.85,20.13,18.79,29.85,59.70,13.68,12.44,0.00,0.00,0.40,0.80,2.11,2.07,0.79,2.30,1.34,1.59,0.00,0.00,0.00,0.00,1.42,0.00,2.30,1.99,0.00,0.00,14.93,0.00,0.00,0.00,0.00,0.00,0.00,0.00,0.00,0.00,0.00,0.00,0.00,0.00,0.00,0.00,0.00,0.00,0.00,0.00,0.00,0.00,0.00,0.00,0.00,0.00,0.00,0.00,0.00,0.00,0.00,0.00,0.00,0.00,0.00,0.00,0.00,0.00,0.00,0.00,0.00,0.00,0.00,0.00,0.00,0.00,0.00,0.00,0.00,0.00,0.71,0.89,1.53,0.00,2.80,3.35,18.94,16.78,0.00,0.00,2.30,0.00,0.51,2.53,0.00,0.00,1.24,0.99,0.81,3.23,0.00,0.00,0.00,0.00,0.00,9.95,0.00,0.00,0.00,0.00,0.00,0.00,0.00,0.00,0.00,0.00,0.00,2.60,0.00,0.00,0.00,0.00,0.00,0.00,0.00,0.00,0.00,0.00,0.00,0.00,0.00,0.00,0.00,0.00,0.00,0.00,0.00,14.93,0.00,0.00,0.00,0.00,0.00,0.00,0.00,0.00,0.00,0.00,0.00,0.00,0.00,0.00,0.00,0.00,0.00,0.00,0.00,0.00,0.00,0.00,0.00,0.00,0.00,0.00,0.00,0.00,0.00,0.00,0.00,0.00,0.00,0.00,0.00,0.00,0.00,0.00,0.00,0.00,0.00,0.00,0.00,0.00,0.00,0.00,0.00,0.00,0.00,0.00,0.00,0.00,0.00,0.00,0.00,0.00,0.00,0.00,0.00,0.00,0.00,0.00,0.00,0.00,0.00,0.00,0.00,0.00,0.00,0.00,0.00,0.00,0.00,0.00,0.00,0.00,0.00,0.00,0.00,0.12,0.36,0.00,0.00,0.00,0.00,0.00,0.00,0.80,0.92,1.19,1.13,3.20,2.89,3.55,2.51,0.00,0.00,2.49,2.56,2.84,2.26,4.98,2.30,0.00,2.76,0.45,0.50,0.00,0.50,0.00,1.78,0.84,0.00,0.00,1.23,0.26,0.00,0.00,0.00,0.00,1.90,1.47,1.01,0.79,0.00,1.46,0.96,0.00,0.00,3.07,2.65,0.00,0.00,0.00,2.99,0.92,0.89,0.00,0.00,0.00,0.00,0.00,0.00,1.11,4.59,1.81,1.16,0.70,1.24,0.49,1.40,2.57,2.09,0.00,0.00,0.00,0.00,0.00,0.00,0.00,0.00,0.00,0.00,0.00,0.00
5750.5,-2.000,7.000,0.000,0.000,0.000,0,0,0.823,0,0.000,0.000,0.000,0.049,0.213,0.00,1.39,1.89,2.49,7.46,74.07,79.32,12.79,12.79,22.67,29.68,0.78,1.12,2.34,2.89,2.31,1.39,41.22,27.01,16.51,18.44,29.85,0.00,6.22,7.46,0.00,0.00,0.40,0.40,3.01,2.40,1.57,1.53,3.01,2.01,0.00,0.00,0.00,0.00,0.00,0.00,0.00,0.00,2.99,0.00,0.00,0.00,0.00,0.00,0.00,0.00,0.00,0.00,0.00,0.00,0.00,0.00,0.00,0.00,0.00,0.00,0.00,0.00,0.00,0.00,0.00,0.00,0.00,0.00,0.00,0.00,0.00,0.00,0.00,0.00,0.00,0.00,0.00,0.00,0.00,0.00,0.00,0.00,0.00,0.00,0.01,0.01,0.00,0.00,0.00,0.00,0.00,0.00,0.00,0.00,1.24,0.89,2.30,0.00,2.93,2.52,18.21,17.65,0.00,0.00,2.30,1.87,0.51,0.51,0.00,0.00,1.08,1.28,1.61,0.00,0.00,0.00,0.00,0.00,0.00,0.00,0.00,0.00,0.00,0.00,0.00,0.00,0.00,29.85,0.00,0.00,0.00,0.00,0.00,0.00,0.00,0.00,0.00,0.00,0.00,0.00,0.00,0.00,0.00,0.00,0.00,0.00,0.00,0.00,0.00,0.00,0.00,0.00,0.00,0.00,29.85,29.85,0.00,0.00,0.00,0.00,0.00,0.00,0.00,0.00,0.00,0.00,0.00,0.00,0.00,0.00,0.00,0.00,0.00,0.00,0.00,0.00,0.00,0.00,0.00,0.00,0.00,0.00,0.00,0.00,0.00,0.00,0.00,0.00,9.95,0.00,0.00,0.00,0.00,0.00,0.00,29.85,0.00,0.00,0.00,0.00,0.00,0.00,0.00,0.00,0.00,0.00,0.00,0.00,0.00,0.00,0.00,0.00,0.00,0.00,0.00,0.00,0.00,0.00,0.00,0.00,0.00,0.00,0.00,0.00,0.00,0.00,0.00,0.00,0.00,0.00,0.00,1.30,0.97,1.61,1.87,0.00,0.00,0.02,0.00,0.00,0.31,1.19,1.13,3.23,2.97,2.50,3.49,0.00,0.00,3.25,2.69,4.67,2.95,0.00,0.00,0.00,1.84,1.81,3.48,4.48,1.49,2.99,1.78,1.05,0.00,2.99,0.31,0.53,0.00,0.00,0.00,3.20,0.47,0.00,0.72,0.81,0.00,1.14,1.13,0.00,0.00,0.88,4.64,0.00,0.00,3.32,0.00,0.95,1.16,0.00,0.00,0.00,0.00,0.00,0.00,1.11,0.00,0.45,2.08,1.05,0.62,0.98,0.70,1.03,2.36,1.15,2.30,0.00,0.00,0.00,0.00,0.00,0.00,0.00,0.00,0.00,0.00
5850.5,-2.000,7.000,0.000,0.000,0.000,0,0,0.823,0,0.000,0.000,0.000,0.009,0.040,0.00,1.03,1.40,4.98,2.49,73.94,80.72,12.79,12.79,24.77,30.72,0.78,0.97,3.42,3.98,2.30,2.43,28.43,22.74,18.85,17.06,0.00,29.85,6.84,6.22,0.00,0.00,1.59,0.40,3.09,2.82,1.57,0.00,3.84,2.76,0.00,0.00,0.00,0.00,0.00,0.00,0.00,0.00,0.00,1.57,0.00,0.00,0.00,0.00,0.00,0.00,0.00,0.00,0.00,0.00,0.00,0.00,0.00,0.00,0.00,0.00,0.00,0.00,0.00,0.00,0.00,0.00,0.00,0.00,0.00,0.00,0.00,0.00,0.00,0.00,0.00,0.00,0.00,0.00,0.00,0.00,0.00,0.00,0.00,0.00,0.00,0.00,0.00,0.00,0.00,0.00,0.00,0.00,0.00,0.00,1.06,0.89,0.77,1.71,2.78,3.40,17.06,16.91,0.00,0.00,0.00,1.87,1.52,1.52,0.00,0.00,0.46,1.38,1.61,3.23,0.00,3.73,0.00,0.00,0.00,0.00,29.85,0.00,0.00,0.00,0.00,0.00,0.00,0.00,29.85,0.00,0.00,0.00,0.00,0.00,0.00,0.00,0.00,0.00,0.00,0.00,0.00,0.00,0.00,0.00,0.00,0.00,0.00,0.00,0.00,0.00,0.00,14.93,0.00,14.93,0.00,0.00,0.00,0.00,0.00,0.00,0.00,0.00,0.00,0.00,0.00,0.00,0.00,0.00,0.00,0.00,0.00,0.00,0.00,0.00,0.00,0.00,0.00,0.00,0.00,0.00,0.00,0.00,0.00,0.00,0.00,0.00,0.00,0.00,0.00,0.00,0.00,0.00,0.00,0.00,0.00,0.00,0.00,0.00,0.00,0.00,0.00,0.00,0.00,0.00,0.00,0.00,0.00,0.00,0.00,0.00,0.00,0.00,0.00,0.00,0.00,0.00,0.00,0.00,0.00,0.00,0.00,0.00,0.00,0.00,0.00,0.00,0.00,0.00,0.00,0.00,0.00,0.24,0.61,0.00,0.00,0.00,0.00,0.03,0.01,0.00,0.00,1.07,1.23,2.74,3.26,2.76,3.63,0.00,0.00,2.87,3.45,1.83,3.30,0.00,2.30,0.00,1.38,0.90,4.98,1.49,2.49,3.98,1.07,0.84,4.59,2.99,1.54,0.79,0.00,0.00,0.00,1.07,0.95,0.98,0.87,0.73,0.00,0.83,1.18,0.00,0.00,2.63,1.33,0.00,0.00,0.00,0.00,1.17,1.17,0.00,0.00,0.00,0.00,0.00,0.00,2.21,3.44,2.04,0.93,3.51,1.87,0.98,1.05,1.29,0.26,4.59,3.44,0.00,0.00,0.00,0.00,0.00,0.00,0.00,0.00,0.00,0.00
5950.5,-2.000,7.000,0.000,0.000,0.000,0,0,0.824,0,0.016,0.000,0.041,0.002,0.008,2.13,1.32,1.03,0.00,2.49,76.42,79.46,12.79,17.06,22.67,25.95,1.14,1.18,2.70,2.89,2.09,1.30,31.27,24.16,15.80,17.86,29.85,0.00,7.46,6.22,0.00,0.00,1.59,1.19,2.42,2.54,0.79,0.00,1.76,3.09,0.00,0.00,0.00,0.00,0.00,0.00,0.00,1.99,0.00,1.57,0.00,0.00,0.00,0.00,0.00,0.00,0.00,0.00,0.00,0.00,0.00,0.00,0.00,0.00,0.00,0.00,0.00,0.00,0.00,0.00,0.00,0.00,0.00,0.00,0.00,0.00,0.00,0.00,0.00,0.00,0.00,0.00,0.00,0.00,0.00,0.00,0.00,0.00,0.00,0.00,0.00,0.00,0.00,0.00,0.00,0.00,0.00,0.00,0.00,0.00,1.41,0.89,2.30,0.85,2.89,3.21,17.84,16.76,0.00,0.00,2.30,0.00,0.51,2.02,0.00,0.00,1.08,0.99,0.00,1.61,0.00,0.00,0.00,29.85,0.00,0.00,0.00,29.85,0.00,0.00,0.00,0.00,29.85,29.85,0.00,0.00,1.24,1.30,0.00,0.00,0.00,0.00,0.00,0.00,0.00,0.00,0.00,0.00,0.00,0.00,0.00,0.00,0.00,0.00,0.00,0.00,0.00,0.00,0.00,0.00,0.00,0.00,0.00,0.00,0.00,0.00,0.00,0.00,0.00,0.00,0.00,0.00,0.00,0.00,0.00,0.00,0.00,0.00,0.00,0.00,0.00,0.00,0.00,0.00,0.00,0.00,0.00,0.00,0.00,0.00,0.00,0.00,0.00,0.00,0.00,0.00,0.00,0.00,0.00,0.00,0.00,0.00,0.00,0.00,0.00,0.00,0.00,0.00,0.00,0.00,0.00,0.00,0.00,0.00,0.00,0.00,0.00,0.00,0.00,0.00,0.00,0.00,0.00,0.00,0.00,0.00,0.00,0.00,0.00,0.00,0.00,0.00,0.00,0.00,0.00,0.00,0.00,0.35,0.97,0.00,1.87,0.00,0.00,0.02,0.02,0.80,1.23,0.48,1.74,2.89,3.21,2.37,3.21,0.00,0.00,2.49,3.73,3.86,2.43,0.00,2.30,0.00,0.46,2.71,1.99,0.50,2.49,0.50,1.07,1.05,6.89,0.00,0.62,1.85,0.00,0.00,0.00,0.00,1.42,1.47,0.93,0.81,14.93,0.95,0.96,0.00,0.00,1.76,4.64,0.00,4.26,0.00,2.99,1.01,1.12,0.00,0.00,0.00,0.00,0.00,0.00,0.00,1.15,0.23,1.16,1.40,2.18,0.98,0.00,1.03,1.05,10.33,6.89,0.00,0.00,0.00,0.00,0.00,0.00,0.00,0.00,0.00,0.00
6050.5,-2.000,7.000,0.000,0.000,0.000,0,0,0.824,0,0.026,0.000,0.065,0.000,0.083,0.00,0.75,0.90,4.98,2.49,73.52,79.74,4.26,8.53,22.67,29.59,1.20,0.84,4.50,3.26,2.36,2.82,29.85,27.01,15.92,19.36,29.85,29.85,8.08,14.30,0.00,0.00,1.19,0.40,2.19,2.25,0.79,2.30,1.02,1.12,0.00,0.00,0.00,0.00,1.42,0.00,2.30,1.99,0.00,0.00,0.00,0.00,0.00,0.00,0.00,0.00,0.00,0.00,0.00,0.00,0.00,0.00,0.00,0.00,0.00,0.00,0.00,0.00,0.00,0.00,0.00,0.00,0.00,0.00,0.00,0.00,0.00,0.00,0.00,0.00,0.00,0.00,0.00,0.00,0.00,0.00,0.00,0.00,0.00,0.00,0.00,0.00,0.00,0.00,0.00,0.00,0.00,0.00,0.00,0.00,0.53,0.18,0.77,0.00,2.78,2.89,17.30,16.76,0.00,0.00,0.00,1.87,0.00,1.01,0.00,0.00,1.24,1.38,3.23,0.81,0.00,3.73,0.00,0.00,0.00,0.00,0.00,0.00,0.00,0.00,0.00,0.00,0.00,0.00,0.00,0.00,0.00,0.00,0.00,0.00,0.00,0.00,0.00,0.00,0.00,0.00,0.00,0.00,0.00,0.00,0.00,0.00,0.00,0.00,0.00,0.00,0.00,14.93,0.00,0.00,0.00,0.00,0.00,0.00,0.00,0.00,0.00,0.00,0.00,0.00,0.00,0.00,0.00,0.00,0.00,0.00,0.00,0.00,0.00,29.85,0.00,0.00,0.00,0.00,0.00,0.00,29.85,29.85,14.93,0.00,0.00,0.00,0.00,0.00,0.00,0.00,0.00,0.00,0.00,0.00,0.00,0.00,0.00,0.00,0.00,0.00,0.00,0.00,0.00,0.00,0.00,0.00,0.00,0.00,0.00,0.00,0.00,0.00,0.00,0.00,0.00,0.00,0.00,0.00,0.00,0.00,0.00,0.00,0.00,0.00,0.00,0.00,0.00,0.00,0.00,0.00,0.00,0.24,0.12,1.61,0.00,0.00,0.00,0.01,0.00,1.19,1.23,0.83,0.92,2.88,2.90,3.02,1.95,0.00,4.98,2.74,2.21,3.86,1.39,0.00,0.00,0.00,0.92,5.43,5.47,0.00,1.49,3.48,1.42,1.47,4.59,0.00,0.31,1.06,4.26,4.26,0.00,1.07,2.37,1.47,1.35,1.41,0.00,1.27,1.07,0.00,0.00,3.51,3.98,0.00,0.00,3.32,2.99,1.04,1.10,0.00,0.00,0.00,0.00,0.00,0.00,0.00,1.15,0.45,0.23,2.46,0.31,0.98,1.05,1.03,0.52,8.04,2.30,0.00,0.00,0.00,0.00,0.00,0.00,0.00,0.00,3.32,9.95
6150.5,-2.000,7.000,0.000,0.000,0.000,0,0,0.825,0,0.005,0.000,0.012,0.000,0.016,2.13,1.39,1.33,0.00,2.49,72.69,79.60,17.06,17.06,21.88,30.20,0.99,0.87,2.16,2.89,2.88,1.75,36.96,32.69,18.14,19.02,29.85,29.85,9.33,9.95,0.00,0.00,1.19,0.80,2.45,2.61,0.79,1.53,2.87,2.99,0.00,0.00,0.00,0.00,0.00,1.42,0.00,0.00,0.00,0.00,0.00,0.00,0.00,0.00,0.00,0.00,0.00,0.00,0.00,0.00,0.00,0.00,0.00,0.00,0.00,0.00,0.00,0.00,0.00,0.00,0.00,0.00,0.00,0.00,0.00,0.00,0.00,0.00,0.00,0.00,0.00,0.00,0.00,0.00,0.00,0.00,0.00,0.00,0.00,0.00,0.00,0.00,0.00,0.00,0.00,0.00,0.00,0.00,0.00,0.00,0.88,0.71,0.77,0.00,3.02,3.17,17.30,17.97,0.00,0.00,0.00,0.00,1.01,0.51,0.00,0.00,1.39,0.99,2.42,0.81,0.00,3.73,0.00,29.85,0.00,0.00,0.00,0.00,0.00,0.00,0.00,0.00,0.00,0.00,29.85,0.00,0.00,1.30,0.00,0.00,0.00,0.00,0.00,0.00,0.00,0.00,0.00,0.00,0.00,0.00,0.00,0.00,0.00,0.00,0.00,0.00,0.00,0.00,0.00,0.00,0.00,0.00,0.00,0.00,0.00,0.00,0.00,0.00,0.00,0.00,0.00,0.00,0.00,0.00,0.00,0.00,0.00,0.00,0.00,0.00,0.00,0.00,0.00,0.00,0.00,0.00,0.00,0.00,0.00,0.00,0.00,0.00,0.00,0.00,0.00,0.00,0.00,0.00,0.00,0.00,0.00,0.00,0.00,0.00,0.00,0.00,0.00,0.00,0.00,0.00,0.00,0.00,0.00,0.00,0.00,0.00,0.00,0.00,0.00,0.00,0.00,0.00,0.00,0.00,0.00,0.00,0.00,0.00,0.00,0.00,0.00,0.00,0.00,0.00,0.00,0.00,0.00,0.12,0.12,0.00,0.00,0.00,0.00,0.02,0.02,0.40,0.31,0.95,1.03,2.74,2.81,2.76,2.79,0.00,0.00,2.74,2.76,2.84,2.78,0.00,0.00,0.00,2.30,0.90,0.50,0.50,0.50,1.00,0.71,0.84,0.00,0.00,0.92,2.11,4.26,0.00,0.00,1.07,0.47,2.45,0.97,0.91,0.00,0.89,1.01,0.00,0.00,2.63,3.32,0.00,0.00,0.00,0.00,0.96,1.10,0.00,0.00,0.00,0.00,0.00,0.00,0.00,1.15,1.58,1.16,1.76,0.93,0.49,0.35,0.26,0.26,10.33,10.33,0.00,0.00,0.00,0.00,0.00,0.00,0.00,0.00,0.00,0.00
6250.5,-2.000,7.000,0.000,0.000,0.000,0,0,0.825,0,0.030,0.000,0.076,0.000,0.003,0.00,1.25,1.13,4.98,4.98,77.94,80.72,17.06,8.53,22.76,31.24,1.22,0.89,3.42,3.62,2.23,2.67,35.54,24.16,17.56,17.75,29.85,29.85,8.71,11.82,0.00,0.00,1.99,1.19,2.39,2.41,0.79,0.77,1.76,1.97,0.00,0.00,0.00,9.95,0.00,1.42,0.00,0.00,1.49,0.00,0.00,0.00,0.00,0.00,0.00,0.00,0.00,0.00,0.00,0.00,0.00,0.00,0.00,0.00,0.00,0.00,0.00,0.00,0.00,0.00,0.00,0.00,0.00,0.00,0.00,0.00,0.00,0.00,0.00,0.00,0.00,0.00,0.00,0.00,0.00,0.00,0.00,0.00,0.00,0.00,0.00,0.00,0.00,0.00,0.00,0.00,0.00,0.00,0.00,0.00,0.35,0.89,0.77,1.71,2.89,3.40,16.72,18.21,0.00,0.00,0.00,0.00,1.01,1.01,0.00,0.00,1.39,1.28,0.81,0.81,0.00,0.00,0.00,0.00,0.00,0.00,0.00,0.00,0.00,0.00,0.00,0.00,29.85,0.00,29.85,0.00,4.98,1.30,0.00,0.00,0.00,0.00,0.00,0.00,0.00,0.00,0.00,0.00,0.00,0.00,0.00,0.00,0.00,0.00,0.00,0.00,14.93,14.93,0.00,0.00,0.00,0.00,0.00,0.00,0.00,0.00,0.00,0.00,0.00,0.00,0.00,0.00,0.00,0.00,0.00,0.00,0.00,0.00,0.00,0.00,0.00,0.00,0.00,0.00,0.00,0.00,0.00,0.00,0.00,0.00,0.00,0.00,0.00,0.00,0.00,0.00,0.00,0.00,0.00,0.00,0.00,0.00,0.00,0.00,0.00,0.00,0.00,0.00,0.00,0.00,0.00,0.00,0.00,0.00,0.00,0.00,0.00,0.00,0.00,0.00,0.00,0.00,0.00,0.00,0.00,0.00,0.00,0.00,0.00,0.00,0.00,0.00,0.00,0.00,0.00,0.00,0.00,0.47,0.49,0.00,0.00,0.00,0.00,0.02,0.02,0.80,0.62,0.83,0.92,2.85,3.00,3.42,3.77,0.00,0.00,3.95,2.90,2.03,3.12,0.00,0.00,0.00,1.38,0.45,1.00,1.99,1.00,0.00,0.36,0.63,0.00,0.00,0.00,0.53,4.26,0.00,0.00,1.07,0.47,0.00,0.80,0.68,0.00,0.89,0.68,0.00,0.00,3.07,3.32,0.00,0.00,0.00,2.99,0.95,0.95,0.00,0.00,0.00,14.93,0.00,0.00,2.21,1.15,1.81,1.39,2.81,1.87,1.47,1.05,0.51,1.83,2.30,0.00,0.00,0.00,0.00,0.00,0.00,0.00,0.00,0.00,0.00,0.00
6350.5,-2.000,7.000,0.000,0.000,0.000,0,0,0.825,0,0.006,0.000,0.014,0.000,0.001,0.00,0.96,1.16,4.98,2.49,77.11,82.55,8.53,8.53,23.55,30.11,0.89,0.89,3.60,3.80,2.20,2.56,34.12,21.32,18.61,20.05,29.85,29.85,9.33,12.44,0.00,0.00,0.80,2.39,2.11,2.18,0.79,0.77,1.67,1.87,0.00,0.00,0.00,0.00,1.42,1.42,0.00,1.99,0.00,0.00,0.00,0.00,0.00,0.00,0.00,0.00,0.00,0.00,0.00,0.00,0.00,0.00,0.00,0.00,0.00,0.00,0.00,0.00,0.00,0.00,0.00,0.00,0.00,0.00,0.00,0.00,0.00,0.00,0.00,0.00,0.00,0.00,0.00,0.00,0.00,0.00,0.00,0.00,0.00,0.00,0.00,0.00,0.00,0.00,0.00,0.00,0.00,0.00,0.00,0.00,0.71,1.79,0.00,1.71,2.78,2.80,17.48,18.50,0.00,0.00,2.30,1.87,1.01,0.51,0.00,0.00,0.77,1.09,0.00,0.81,0.00,3.73,0.00,0.00,9.95,0.00,0.00,0.00,0.00,0.00,0.00,0.00,0.00,0.00,0.00,0.00,0.00,1.30,0.00,0.00,0.00,0.00,0.00,0.00,0.00,0.00,0.00,0.00,0.00,0.00,0.00,0.00,0.00,0.00,0.00,0.00,0.00,0.00,0.00,0.00,0.00,0.00,0.00,0.00,0.00,0.00,0.00,0.00,0.00,0.00,0.00,0.00,0.00,0.00,0.00,0.00,0.00,0.00,0.00,0.00,0.00,0.00,0.00,0.00,0.00,0.00,0.00,0.00,0.00,0.00,0.00,0.00,0.00,0.00,0.00,0.00,0.00,0.00,0.00,0.00,0.00,0.00,0.00,0.00,0.00,0.00,0.00,0.00,0.00,0.00,0.00,0.00,0.00,0.00,0.00,0.00,0.00,0.00,0.00,0.00,0.00,0.00,0.00,0.00,0.00,0.00,0.00,0.00,0.00,0.00,0.00,0.00,0.00,0.00,0.00,0.00,0.00,0.24,0.24,0.00,0.00,0.00,0.00,0.01,0.02,0.80,0.62,1.43,0.72,2.99,2.84,3.42,2.79,0.00,0.00,3.32,3.18,3.66,2.60,0.00,0.00,0.00,1.38,3.62,1.99,4.48,0.50,2.99,0.00,0.42,0.00,5.97,1.54,1.06,0.00,0.00,0.00,0.00,0.47,0.49,0.91,0.75,0.00,0.57,1.30,0.00,0.00,3.95,1.99,0.00,4.26,0.00,0.00,1.01,0.98,0.00,0.00,0.00,0.00,0.00,0.00,0.00,1.15,2.04,0.46,2.11,0.62,0.98,1.40,1.03,1.31,9.18,5.74,0.00,0.00,0.00,0.00,0.00,0.00,0.00,0.00,0.00,0.00
6450.5,-2.000,7.000,0.000,0.000,0.000,0,0,0.826,0,0.032,0.000,0.080,0.000,0.000,0.00,1.18,1.33,0.00,2.49,75.32,79.46,8.53,17.06,21.97,27.25,1.06,1.08,3.78,3.62,2.33,2.00,35.54,27.01,17.21,19.82,29.85,29.85,9.95,11.19,0.00,0.00,1.99,1.19,2.26,2.30,0.00,1.53,2.08,2.43,0.00,0.00,0.00,0.00,2.84,1.42,2.30,0.00,0.00,0.00,0.00,0.00,0.00,0.00,0.00,0.00,0.00,0.00,0.00,0.00,0.00,0.00,0.00,0.00,0.00,0.00,0.00,0.00,0.00,0.00,0.00,0.00,0.00,0.00,0.00,0.00,0.00,0.00,0.00,0.00,0.00,0.00,0.00,0.00,0.00,0.00,0.00,0.00,0.00,0.00,0.00,0.00,0.00,0.00,0.00,0.00,0.00,0.00,0.00,0.00,0.71,1.25,0.77,0.85,2.65,2.68,17.48,16.99,0.00,0.00,0.00,0.00,0.51,1.01,0.00,0.00,0.46,0.99,0.00,0.81,0.00,0.00,0.00,29.85,0.00,0.00,0.00,0.00,0.00,0.00,0.00,0.00,29.85,0.00,29.85,0.00,1.24,1.30,0.00,0.00,0.00,0.00,0.00,0.00,0.00,0.00,0.00,0.00,0.00,0.00,0.00,0.00,0.00,0.00,0.00,0.00,0.00,0.00,0.00,0.00,0.00,0.00,0.00,0.00,0.00,0.00,0.00,0.00,0.00,0.00,0.00,0.00,0.00,0.00,0.00,0.00,0.00,0.00,0.00,0.00,0.00,0.00,0.00,0.00,0.00,0.00,0.00,0.00,0.00,0.00,0.00,0.00,0.00,0.00,0.00,0.00,0.00,0.00,0.00,0.00,0.00,0.00,29.85,0.00,0.00,0.00,0.00,0.00,0.00,0.00,0.00,0.00,0.00,0.00,0.00,0.00,0.00,0.00,0.00,0.00,0.00,0.00,0.00,0.00,0.00,0.00,0.00,0.00,0.00,0.00,0.00,0.00,0.00,0.00,0.00,0.00,0.00,0.47,0.36,0.00,0.00,0.00,0.00,0.02,0.01,0.40,0.00,1.07,1.33,2.65,2.86,3.16,2.65,0.00,0.00,3.51,3.25,2.64,2.78,2.49,2.30,0.00,2.76,4.07,4.48,6.97,3.98,4.48,1.42,1.68,4.59,5.97,0.62,0.00,0.00,0.00,0.00,0.00,0.95,0.98,1.35,1.06,0.00,0.57,0.84,0.00,0.00,4.83,1.33,0.00,0.00,6.63,0.00,1.09,1.00,0.00,0.00,0.00,0.00,0.00,0.00,2.21,0.00,0.90,0.69,0.70,0.93,1.47,0.70,1.29,0.52,8.04,3.44,0.00,0.00,0.00,0.00,0.00,0.00,0.00,0.00,0.00,0.00
6550.5,-2.000,7.000,0.000,0.000,0.000,0,0,0.826,0,0.006,0.000,0.015,0.000,0.000,2.13,1.18,1.30,7.46,4.98,72.83,77.08,12.79,8.53,21.88,28.72,0.59,1.10,2.34,2.35,2.06,1.24,36.96,24.16,15.22,19.02,29.85,29.85,4.98,8.71,0.00,0.00,1.59,1.19,2.45,2.58,0.00,0.77,2.13,1.73,0.00,0.00,0.00,0.00,0.00,1.42,0.00,0.00,0.00,0.00,0.00,0.00,0.00,0.00,0.00,0.00,0.00,0.00,0.00,0.00,0.00,0.00,0.00,0.00,0.00,0.00,0.00,0.00,0.00,0.00,0.00,0.00,0.00,0.00,0.00,0.00,0.00,0.00,0.00,0.00,0.00,0.00,0.00,0.00,0.00,0.00,0.00,0.00,0.00,0.00,0.00,0.00,0.00,0.00,0.00,0.00,0.00,0.00,0.00,0.00,0.71,0.71,2.30,1.71,3.04,3.07,16.44,16.76,0.00,0.00,0.00,1.87,1.01,0.51,0.00,0.00,0.62,0.59,1.61,0.81,0.00,0.00,0.00,29.85,0.00,0.00,0.00,0.00,0.00,0.00,0.00,0.00,0.00,0.00,0.00,0.00,0.00,0.00,0.00,0.00,0.00,0.00,0.00,0.00,0.00,0.00,0.00,0.00,0.00,0.00,0.00,0.00,0.00,0.00,0.00,0.00,0.00,0.00,0.00,0.00,0.00,0.00,0.00,0.00,0.00,0.00,0.00,0.00,0.00,0.00,0.00,0.00,0.00,0.00,0.00,0.00,0.00,0.00,0.00,0.00,0.00,0.00,0.00,0.00,0.00,0.00,0.00,0.00,0.00,0.00,0.00,0.00,0.00,0.00,0.00,0.00,0.00,0.00,0.00,0.00,0.00,0.00,0.00,0.00,0.00,0.00,0.00,0.00,0.00,0.00,0.00,0.00,0.00,0.00,0.00,0.00,0.00,0.00,0.00,0.00,0.00,0.00,0.00,0.00,0.00,0.00,0.00,0.00,0.00,0.00,0.00,0.00,0.00,0.00,0.00,0.00,0.00,0.71,0.73,0.00,0.00,0.00,0.00,0.02,0.01,0.80,0.62,1.07,0.82,2.99,2.71,1.71,2.51,0.00,0.00,2.42,3.25,2.84,1.39,0.00,0.00,0.00,1.84,1.36,0.50,0.00,2.49,0.50,1.78,1.26,0.00,0.00,0.92,1.32,0.00,0.00,4.98,1.07,0.47,0.00,0.66,0.56,0.00,0.83,0.96,0.00,0.00,2.63,2.65,0.00,4.26,0.00,0.00,1.03,0.88,0.00,0.00,0.00,0.00,0.00,0.00,0.00,0.00,0.23,1.16,1.05,0.62,1.47,0.35,1.03,1.05,1.15,1.15,0.00,0.00,0.00,0.00,0.00,0.00,0.00,0.00,0.00,0.00
6650.5,-2.000,7.000,0.000,0.000,0.000,0,0,0.827,0,0.001,0.000,0.003,0.000,0.047,0.00,1.35,1.03,4.98,4.98,73.11,80.02,8.53,12.79,25.04,29.85,0.87,0.68,3.78,2.17,3.07,1.52,34.12,24.16,17.79,19.13,59.70,0.00,9.95,7.46,0.00,0.00,0.00,1.19,2.18,2.24,0.00,1.53,1.71,1.82,0.00,0.00,0.00,0.00,0.00,2.84,2.30,1.99,0.00,0.00,0.00,0.00,0.00,0.00,0.00,0.00,0.00,0.00,0.00,0.00,0.00,0.00,0.00,0.00,0.00,0.00,0.00,0.00,0.00,0.00,0.00,0.00,0.00,0.00,0.00,0.00,0.00,0.00,0.00,0.00,0.00,0.00,0.00,0.00,0.00,0.00,0.00,0.00,0.00,0.00,0.00,0.00,0.00,0.00,0.00,0.00,0.00,0.00,0.00,0.00,0.71,1.07,0.00,1.71,3.13,2.98,16.93,18.21,0.00,0.00,2.30,3.73,2.02,1.01,0.00,0.00,0.77,0.89,0.81,0.00,0.00,0.00,0.00,0.00,0.00,0.00,0.00,0.00,0.00,0.00,0.00,0.00,0.00,29.85,29.85,0.00,1.24,0.00,0.00,0.00,0.00,0.00,0.00,0.00,0.00,0.00,0.00,0.00,0.00,0.00,0.00,0.00,0.00,0.00,0.00,0.00,0.00,0.00,0.00,0.00,0.00,0.00,0.00,0.00,0.00,0.00,0.00,0.00,0.00,0.00,0.00,0.00,0.00,0.00,0.00,0.00,0.00,0.00,0.00,0.00,0.00,0.00,0.00,0.00,0.00,0.00,0.00,0.00,0.00,0.00,0.00,0.00,0.00,0.00,0.00,0.00,0.00,9.95,0.00,0.00,0.00,0.00,0.00,0.00,0.00,0.00,0.00,0.00,0.00,0.00,0.00,0.00,0.00,0.00,0.00,0.00,0.00,0.00,0.00,0.00,0.00,0.00,0.00,0.00,0.00,0.00,0.00,0.00,0.00,0.00,0.00,0.00,0.00,0.00,0.00,0.00,0.00,0.24,0.36,0.00,0.00,0.00,0.00,0.02,0.01,0.00,1.85,1.07,1.54,3.12,2.64,2.24,3.21,4.98,0.00,3.19,2.97,1.83,2.78,0.00,0.00,0.00,1.38,0.00,1.49,0.50,1.00,0.00,1.07,1.05,4.59,0.00,0.62,0.79,0.00,0.00,9.95,3.20,1.42,0.49,0.78,0.79,0.00,0.89,1.18,0.00,0.00,1.76,3.32,0.00,4.26,0.00,0.00,0.93,1.08,0.00,0.00,0.00,0.00,0.00,0.00,3.32,1.15,0.23,0.69,1.76,0.93,1.96,3.16,1.29,1.31,0.00,2.30,0.00,0.00,0.00,0.00,0.00,0.00,0.00,0.00,0.00,0.00
6750.5,-2.000,7.000,0.000,0.000,0.000,0,0,0.827,0,0.024,0.000,0.060,0.000,0.009,0.00,1.92,1.16,7.46,2.49,73.66,80.86,12.79,17.06,24.34,29.33,1.16,0.93,3.24,5.07,3.12,2.45,32.69,24.16,16.97,18.67,59.70,29.85,12.44,11.82,0.00,0.00,0.80,1.19,3.02,2.96,0.79,1.53,3.42,2.76,0.00,0.00,0.00,0.00,1.42,0.00,0.00,0.00,0.00,0.00,0.00,0.00,0.00,0.00,0.00,0.00,0.00,0.00,0.00,0.00,0.00,0.00,0.00,0.00,0.00,0.00,0.00,0.00,0.00,0.00,0.00,0.00,0.00,0.00,0.00,0.00,0.00,0.00,0.00,0.00,0.00,0.00,0.00,0.00,0.00,0.00,0.00,0.00,0.00,0.00,0.00,0.00,0.00,0.00,0.00,0.00,0.00,0.00,0.00,0.00,1.06,0.54,1.53,1.71,2.78,2.96,17.19,16.81,0.00,0.00,4.59,1.87,0.00,1.01,0.00,0.00,1.39,1.28,1.61,3.23,0.00,0.00,0.00,0.00,0.00,0.00,0.00,0.00,29.85,29.85,0.00,0.00,29.85,0.00,29.85,29.85,1.24,1.30,0.00,0.00,0.00,0.00,0.00,0.00,0.00,0.00,0.00,0.00,0.00,0.00,0.00,0.00,0.00,0.00,0.00,0.00,0.00,0.00,29.85,14.93,0.00,0.00,0.00,0.00,0.00,0.00,0.00,0.00,0.00,0.00,0.00,0.00,0.00,0.00,0.00,0.00,0.00,0.00,0.00,0.00,0.00,0.00,0.00,0.00,0.00,0.00,0.00,29.85,0.00,0.00,0.00,0.00,0.00,0.00,0.00,0.00,0.00,0.00,0.00,0.00,0.00,0.00,0.00,0.00,0.00,0.00,0.00,0.00,0.00,0.00,0.00,0.00,0.00,0.00,0.00,0.00,0.00,0.00,0.00,0.00,0.00,0.00,0.00,0.00,0.00,0.00,0.00,0.00,0.00,0.00,0.00,0.00,0.00,0.00,0.00,0.00,0.00,0.24,0.36,0.00,0.00,0.00,0.00,0.02,0.02,0.80,0.92,1.78,1.54,2.78,3.21,2.89,2.79,0.00,0.00,3.06,2.42,2.84,2.26,0.00,0.00,0.00,0.46,0.45,1.49,1.00,0.00,0.50,2.84,0.42,0.00,0.00,0.92,1.06,4.26,0.00,0.00,2.13,1.90,0.98,1.08,0.71,0.00,0.76,0.79,0.00,0.00,2.19,1.99,0.00,0.00,3.32,0.00,1.06,0.99,0.00,0.00,0.00,0.00,0.00,0.00,1.11,2.30,2.26,0.23,2.46,2.18,0.49,1.40,1.54,2.62,1.15,0.00,0.00,0.00,0.00,0.00,0.00,0.00,0.00,0.00,0.00,0.00
6850.5,-2.000,7.000,0.000,0.000,0.000,0,0,0.827,0,0.005,0.000,0.011,0.000,0.002,2.13,1.21,1.40,4.98,4.98,75.87,81.14,17.06,8.53,23.99,30.89,0.80,1.12,4.32,3.98,2.89,2.09,36.96,29.85,17.21,21.09,29.85,29.85,9.95,11.19,0.00,0.00,0.80,0.80,2.72,2.90,1.57,0.77,3.29,2.99,0.00,0.00,0.00,0.00,0.00,0.00,0.00,0.00,0.00,0.00,0.00,0.00,0.00,0.00,0.00,0.00,0.00,0.00,0.00,0.00,0.00,0.00,0.00,0.00,0.00,0.00,0.00,0.00,0.00,0.00,0.00,0.00,0.00,0.00,0.00,0.00,0.00,0.00,0.00,0.00,0.00,0.00,0.00,0.00,0.00,0.00,0.00,0.00,0.00,0.00,0.01,0.01,0.00,0.00,0.00,0.00,0.00,0.00,0.00,0.00,0.53,1.25,1.53,0.85,3.33,3.19,17.50,18.18,0.00,0.00,0.00,0.00,2.02,0.00,0.00,0.00,1.08,0.99,1.61,0.00,0.00,0.00,0.00,29.85,0.00,0.00,0.00,0.00,0.00,0.00,0.00,0.00,0.00,0.00,0.00,0.00,2.49,0.00,0.00,0.00,0.00,0.00,0.00,0.00,0.00,0.00,0.00,0.00,0.00,0.00,0.00,0.00,0.00,0.00,0.00,0.00,0.00,0.00,0.00,0.00,0.00,0.00,0.00,0.00,0.00,0.00,0.00,0.00,0.00,0.00,0.00,0.00,0.00,0.00,0.00,0.00,0.00,0.00,0.00,0.00,0.00,0.00,0.00,0.00,0.00,0.00,0.00,0.00,0.00,0.00,0.00,0.00,0.00,0.00,0.00,0.00,0.00,0.00,0.00,29.85,0.00,0.00,0.00,0.00,0.00,0.00,0.00,0.00,0.00,0.00,0.00,0.00,0.00,0.00,0.00,0.00,0.00,0.00,0.00,0.00,0.00,0.00,0.00,0.00,0.00,0.00,0.00,0.00,0.00,0.00,0.00,0.00,0.00,0.00,0.00,0.00,0.00,0.94,0.73,0.00,0.00,0.00,0.00,0.02,0.02,0.00,0.00,1.07,1.23,3.10,3.09,3.95,3.49,14.93,0.00,2.55,3.11,2.64,3.12,2.49,0.00,0.00,2.30,1.36,1.49,0.50,2.99,1.00,0.36,1.05,4.59,0.00,0.92,1.58,4.26,4.26,0.00,1.07,0.95,0.00,0.84,0.77,0.00,1.65,1.13,0.00,0.00,3.95,3.32,0.00,0.00,0.00,2.99,1.14,1.18,0.00,0.00,0.00,0.00,0.00,0.00,4.42,1.15,0.45,2.08,2.46,1.87,0.98,0.35,0.77,1.05,9.18,3.44,0.00,0.00,0.00,0.00,0.00,0.00,0.00,0.00,0.00,0.00
6950.5,-2.000,7.000,0.000,0.000,0.000,0,0,0.828,0,0.028,0.045,0.002,0.000,0.152,0.00,1.14,1.43,7.46,4.98,72.28,80.02,12.79,12.79,22.76,30.37,0.78,0.95,3.78,2.35,2.34,2.45,29.85,22.74,18.38,18.90,59.70,59.70,8.08,13.68,0.00,0.00,1.19,3.18,2.35,2.32,0.00,0.00,1.76,1.78,0.00,0.00,0.00,0.00,0.00,4.26,0.00,0.00,0.00,1.57,0.00,0.00,0.00,0.00,0.00,0.00,0.00,0.00,0.00,0.00,0.00,0.00,0.00,0.00,0.00,0.00,0.00,0.00,0.00,0.00,0.00,0.00,0.00,0.00,0.00,0.00,0.00,0.00,0.00,0.00,0.00,0.00,0.00,0.00,0.00,0.00,0.00,0.00,0.00,0.00,0.00,0.00,0.00,0.00,0.00,0.00,0.00,0.00,0.00,0.00,1.06,1.43,2.30,0.85,2.83,2.82,17.56,16.70,7.46,14.93,0.00,0.00,0.00,2.02,0.00,0.00,1.08,0.69,0.00,0.00,0.00,3.73,0.00,0.00,0.00,0.00,0.00,0.00,0.00,0.00,0.00,0.00,29.85,0.00,0.00,0.00,0.00,1.30,0.00,0.00,0.00,0.00,0.00,0.00,0.00,0.00,0.00,0.00,0.00,0.00,0.00,0.00,0.00,0.00,0.00,0.00,0.00,0.00,0.00,0.00,0.00,0.00,0.00,0.00,0.00,0.00,0.00,0.00,0.00,0.00,29.85,0.00,29.85,0.00,0.00,0.00,0.00,0.00,0.00,0.00,0.00,0.00,0.00,0.00,0.00,0.00,0.00,0.00,0.00,0.00,0.00,0.00,0.00,0.00,0.00,0.00,0.00,0.00,0.00,0.00,0.00,0.00,0.00,0.00,0.00,0.00,0.00,0.00,0.00,0.00,0.00,0.00,0.00,0.00,0.00,0.00,0.00,0.00,0.00,0.00,0.00,0.00,0.00,0.00,0.00,0.00,0.00,0.00,0.00,0.00,0.00,0.00,0.00,0.00,0.00,0.00,0.00,0.24,0.24,0.00,0.00,0.00,0.00,0.02,0.00,0.40,0.00,0.71,1.13,3.16,3.05,2.63,2.37,0.00,0.00,1.98,3.04,3.05,1.91,0.00,0.00,0.00,0.46,1.36,0.50,0.50,0.50,2.49,1.07,0.63,2.30,0.00,0.62,1.06,4.26,0.00,4.98,1.07,0.47,0.98,1.16,0.91,14.93,1.02,1.07,0.00,0.00,3.07,3.32,3.73,0.00,0.00,0.00,0.94,0.91,0.00,0.00,0.00,14.93,0.00,0.00,1.11,1.15,0.68,1.16,0.70,0.00,0.98,1.76,0.51,0.79,2.30,1.15,0.00,0.00,0.00,0.00,0.00,0.00,0.00,0.00,0.00,0.00
7050.5,-2.000,7.000,0.000,0.000,0.000,0,0,0.828,0,0.030,0.008,0.062,0.000,0.029,0.00,1.50,1.10,4.98,4.98,74.21,79.04,12.79,12.79,20.05,28.38,0.87,1.10,3.60,2.71,2.19,2.22,34.12,22.74,17.79,19.71,29.85,29.85,6.22,9.95,0.00,0.00,0.00,1.59,2.33,2.42,0.00,0.00,1.30,2.01,0.00,0.00,0.00,0.00,1.42,0.00,0.00,0.00,0.00,0.00,0.00,0.00,0.00,0.00,0.00,0.00,0.00,0.00,0.00,0.00,0.00,0.00,0.00,0.00,0.00,0.00,0.00,0.00,0.00,0.00,0.00,0.00,0.00,0.00,0.00,0.00,0.00,0.00,0.00,0.00,0.00,0.00,0.00,0.00,0.00,0.00,0.00,0.00,0.00,0.00,0.00,0.00,0.00,0.00,0.00,0.00,0.00,0.00,0.00,0.00,1.41,1.43,0.77,0.00,3.02,3.30,16.20,16.86,0.00,0.00,0.00,1.87,0.00,1.01,0.00,0.00,0.93,1.09,1.61,0.81,0.00,0.00,0.00,0.00,0.00,0.00,0.00,0.00,29.85,29.85,0.00,0.00,0.00,0.00,0.00,0.00,0.00,0.00,0.00,0.00,0.00,0.00,0.00,0.00,0.00,0.00,0.00,0.00,0.00,0.00,0.00,0.00,0.00,0.00,0.00,0.00,0.00,0.00,0.00,0.00,0.00,0.00,0.00,0.00,0.00,0.00,0.00,0.00,0.00,0.00,0.00,0.00,0.00,0.00,0.00,0.00,0.00,0.00,0.00,0.00,0.00,0.00,0.00,0.00,0.00,0.00,0.00,0.00,0.00,0.00,0.00,0.00,0.00,0.00,0.00,0.00,0.00,0.00,0.00,0.00,0.00,0.00,0.00,0.00,0.00,0.00,0.00,0.00,0.00,0.00,0.00,0.00,0.00,0.00,0.00,0.00,0.00,0.00,0.00,0.00,0.00,0.00,0.00,0.00,0.00,0.00,0.00,0.00,0.00,0.00,0.00,0.00,0.00,0.00,0.00,0.00,0.00,0.24,0.24,0.00,0.00,0.00,0.00,0.02,0.02,0.40,0.00,0.36,1.23,3.02,2.94,1.97,2.23,0.00,0.00,2.81,2.35,3.05,2.95,0.00,0.00,0.00,1.38,2.26,2.99,1.49,2.99,2.99,0.36,0.42,2.30,0.00,1.23,0.53,4.26,0.00,4.98,1.07,0.47,0.00,1.23,0.69,0.00,1.40,1.24,0.00,0.00,4.83,3.98,3.73,0.00,0.00,2.99,1.01,0.92,0.00,0.00,0.00,14.93,0.00,0.00,1.11,0.00,2.04,1.16,1.05,0.62,0.00,1.40,0.77,1.05,2.30,1.15,0.00,0.00,0.00,0.00,0.00,0.00,0.00,0.00,0.00,0.00
7150.5,-2.000,7.000,0.000,0.000,0.000,0,0,0.829,0,0.030,0.002,0.073,0.000,0.005,2.13,1.28,0.86,2.49,7.46,75.18,78.34,12.79,17.06,22.15,28.46,0.49,1.08,3.06,4.70,2.22,2.08,34.12,25.59,16.97,20.05,29.85,0.00,11.19,8.08,0.00,0.00,1.59,0.80,2.32,2.25,2.36,1.53,1.34,1.78,0.00,0.00,0.00,0.00,1.42,0.00,0.00,0.00,0.00,1.57,0.00,0.00,0.00,0.00,0.00,0.00,0.00,0.00,0.00,0.00,0.00,0.00,0.00,0.00,0.00,0.00,0.00,0.00,0.00,0.00,0.00,0.00,0.00,0.00,0.00,0.00,0.00,0.00,0.00,0.00,0.00,0.00,0.00,0.00,0.00,0.00,0.00,0.00,0.00,0.00,0.00,0.00,0.00,0.00,0.00,0.00,0.00,0.00,0.00,0.00,1.24,1.25,0.00,1.71,2.78,3.07,18.78,18.07,0.00,0.00,2.30,0.00,2.53,0.51,0.00,0.00,1.08,0.69,1.61,3.23,0.00,0.00,0.00,0.00,0.00,0.00,0.00,0.00,0.00,0.00,0.00,0.00,0.00,0.00,29.85,0.00,0.00,0.00,0.00,0.00,0.00,0.00,0.00,0.00,0.00,0.00,0.00,0.00,0.00,0.00,0.00,0.00,0.00,0.00,0.00,0.00,14.93,0.00,0.00,0.00,0.00,0.00,0.00,0.00,0.00,0.00,0.00,0.00,0.00,0.00,0.00,0.00,0.00,0.00,0.00,0.00,0.00,0.00,0.00,0.00,0.00,0.00,0.00,0.00,0.00,0.00,0.00,0.00,0.00,0.00,0.00,0.00,0.00,0.00,0.00,0.00,0.00,0.00,0.00,0.00,0.00,0.00,0.00,0.00,0.00,0.00,0.00,0.00,0.00,0.00,0.00,0.00,0.00,0.00,0.00,0.00,0.00,0.00,0.00,0.00,0.00,0.00,0.00,0.00,0.00,0.00,0.00,0.00,0.00,0.00,0.00,0.00,0.00,0.00,0.00,0.00,0.00,0.12,0.36,0.00,0.00,0.00,0.00,0.02,0.01,0.00,0.31,1.55,0.92,2.89,3.01,3.16,4.05,0.00,0.00,3.19,2.42,3.05,2.08,0.00,0.00,0.00,5.51,2.71,5.47,2.99,6.47,5.47,2.13,0.63,6.89,0.00,0.31,0.79,4.26,4.26,0.00,2.13,0.47,0.98,1.23,1.33,0.00,0.95,0.56,0.00,0.00,2.19,4.64,3.73,0.00,0.00,0.00,1.01,0.92,0.00,0.00,0.00,0.00,0.00,0.00,1.11,0.00,2.71,0.93,1.05,0.31,1.47,1.05,1.03,0.79,0.00,1.15,0.00,0.00,0.00,0.00,0.00,0.00,0.00,0.00,0.00,0.00
7250.5,-2.000,7.000,0.000,0.000,0.000,0,0,0.829,0,0.000,0.000,0.000,0.047,0.001,0.00,1.28,1.76,2.49,4.98,74.35,79.04,12.79,12.79,21.45,28.29,1.06,1.20,2.88,2.71,2.33,1.74,25.59,28.43,17.44,17.40,29.85,0.00,8.71,8.71,0.00,0.00,1.59,0.80,2.45,2.39,0.79,3.06,2.13,2.15,0.00,0.00,0.00,0.00,0.00,1.42,0.00,0.00,0.00,1.57,0.00,0.00,0.00,0.00,0.00,0.00,0.00,0.00,0.00,0.00,0.00,0.00,0.00,0.00,0.00,0.00,0.00,0.00,0.00,0.00,0.00,0.00,0.00,0.00,0.00,0.00,0.00,0.00,0.00,0.00,0.00,0.00,0.00,0.00,0.00,0.00,0.00,0.00,0.00,0.00,0.00,0.00,0.00,0.00,0.00,0.00,0.00,0.00,0.00,0.00,0.18,1.43,0.77,2.56,3.22,2.86,17.37,16.70,7.46,14.93,2.30,0.00,0.51,0.51,0.00,0.00,0.62,0.99,0.00,0.81,0.00,0.00,0.00,0.00,0.00,0.00,0.00,0.00,0.00,0.00,0.00,0.00,0.00,0.00,0.00,0.00,2.49,1.30,0.00,0.00,0.00,0.00,0.00,0.00,0.00,0.00,0.00,0.00,0.00,0.00,0.00,0.00,0.00,0.00,0.00,0.00,14.93,0.00,0.00,0.00,0.00,0.00,0.00,0.00,0.00,0.00,0.00,0.00,14.93,0.00,0.00,0.00,0.00,0.00,0.00,0.00,0.00,0.00,0.00,0.00,0.00,0.00,0.00,0.00,0.00,0.00,0.00,0.00,0.00,0.00,0.00,0.00,0.00,0.00,0.00,0.00,0.00,0.00,0.00,29.85,0.00,0.00,0.00,0.00,0.00,0.00,0.00,0.00,0.00,0.00,0.00,0.00,0.00,0.00,0.00,0.00,0.00,0.00,0.00,0.00,0.00,0.00,0.00,0.00,0.00,0.00,0.00,0.00,0.00,0.00,0.00,0.00,0.00,0.00,0.00,0.00,0.00,0.24,0.24,0.00,0.00,0.00,0.00,0.03,0.02,0.80,0.62,0.95,1.54,2.84,2.53,1.84,3.07,0.00,4.98,2.93,2.90,1.83,3.99,0.00,2.30,0.00,0.46,0.90,2.99,0.50,1.49,1.99,0.71,1.26,2.30,0.00,1.23,0.00,0.00,4.26,0.00,2.13,0.47,1.96,0.95,1.00,0.00,0.95,1.13,0.00,0.00,4.39,2.65,0.00,0.00,0.00,0.00,0.87,1.00,0.00,0.00,0.00,0.00,0.00,0.00,3.32,1.15,1.13,3.01,0.70,0.31,1.47,0.35,1.54,2.09,4.59,1.15,7.46,0.00,0.00,0.00,0.00,0.00,0.00,0.00,0.00,0.00
7350.5,-2.000,7.000,0.000,0.000,0.000,0,0,0.829,0,0.000,0.000,0.000,0.009,0.142,0.00,1.32,1.50,2.49,4.98,76.42,80.16,8.53,17.06,22.23,27.85,0.99,0.93,3.78,3.62,3.14,2.30,32.69,31.27,17.91,19.71,59.70,29.85,11.19,11.19,0.00,0.00,0.40,0.40,3.27,3.17,0.79,0.77,2.92,3.28,0.00,0.00,0.00,0.00,1.42,0.00,0.00,3.98,1.49,0.00,0.00,0.00,0.00,0.00,0.00,0.00,0.00,0.00,0.00,0.00,0.00,0.00,0.00,0.00,0.00,0.00,0.00,0.00,0.00,0.00,0.00,0.00,0.00,0.00,0.00,0.00,0.00,0.00,0.00,0.00,0.00,0.00,0.00,0.00,0.00,0.00,0.00,0.00,0.00,0.00,0.00,0.00,0.00,0.00,0.00,0.00,0.00,0.00,0.00,0.00,0.88,1.07,0.77,0.00,2.93,2.93,16.88,18.18,0.00,0.00,0.00,1.87,0.00,0.51,0.00,0.00,0.93,1.19,0.00,1.61,0.00,0.00,0.00,29.85,0.00,0.00,0.00,0.00,0.00,0.00,0.00,0.00,0.00,0.00,29.85,29.85,1.24,1.30,0.00,0.00,0.00,0.00,0.00,0.00,0.00,0.00,0.00,0.00,0.00,0.00,0.00,0.00,0.00,0.00,0.00,0.00,0.00,0.00,0.00,14.93,0.00,0.00,0.00,0.00,14.93,14.93,0.00,0.00,0.00,0.00,0.00,0.00,0.00,0.00,0.00,0.00,0.00,0.00,0.00,0.00,0.00,0.00,0.00,0.00,0.00,0.00,0.00,0.00,0.00,0.00,0.00,0.00,0.00,0.00,0.00,0.00,0.00,0.00,29.85,0.00,29.85,0.00,0.00,0.00,0.00,0.00,0.00,0.00,0.00,0.00,0.00,0.00,0.00,0.00,0.00,0.00,0.00,0.00,0.00,0.00,0.00,0.00,0.00,0.00,0.00,0.00,0.00,0.00,0.00,0.00,0.00,0.00,0.00,0.00,0.00,0.00,0.00,0.24,0.61,0.00,0.00,0.00,0.00,0.02,0.02,0.40,0.00,1.31,1.54,3.39,2.96,3.68,3.07,0.00,0.00,2.87,2.97,2.44,2.60,0.00,2.30,0.00,4.59,1.36,3.48,2.99,3.48,4.98,1.42,0.84,4.59,5.97,0.00,0.79,0.00,0.00,0.00,0.00,0.95,0.49,0.84,0.71,0.00,0.89,0.90,0.00,0.00,3.95,2.65,0.00,0.00,3.32,2.99,1.22,1.31,0.00,0.00,0.00,0.00,0.00,0.00,0.00,3.44,1.36,1.39,2.11,4.04,2.45,1.76,1.29,0.79,6.89,12.63,14.93,22.39,29.85,29.85,0.00,0.00,0.00,0.00,0.00,0.00
7450.5,-2.000,7.000,0.000,0.000,0.000,0,0,0.830,0,0.113,0.141,0.070,0.002,0.027,0.00,1.53,1.33,4.98,2.49,75.73,78.90,17.06,12.79,22.85,30.98,1.16,1.10,3.60,3.62,2.15,2.02,38.38,21.32,16.74,17.63,0.00,29.85,8.71,10.57,0.00,0.00,0.40,1.59,2.58,2.24,3.14,0.00,2.64,3.13,0.00,0.00,0.00,0.00,0.00,0.00,2.30,0.00,1.49,0.00,0.00,0.00,0.00,0.00,0.00,0.00,0.00,0.00,0.00,0.00,0.00,0.00,0.00,0.00,0.00,0.00,0.00,0.00,0.00,0.00,0.00,0.00,0.00,0.00,0.00,0.00,0.00,0.00,0.00,0.00,0.00,0.00,0.00,0.00,0.00,0.00,0.00,0.00,0.00,0.00,0.00,0.00,0.00,0.00,0.00,0.00,0.00,0.00,0.00,0.00,1.06,0.36,2.30,1.71,3.37,2.82,16.64,18.73,0.00,0.00,4.59,1.87,1.01,2.02,0.00,0.00,1.08,1.28,1.61,0.00,0.00,3.73,0.00,0.00,0.00,0.00,29.85,29.85,29.85,0.00,0.00,0.00,0.00,0.00,0.00,0.00,0.00,0.00,0.00,0.00,0.00,0.00,0.00,0.00,0.00,0.00,0.00,0.00,0.00,0.00,0.00,0.00,0.00,0.00,0.00,0.00,0.00,0.00,0.00,0.00,0.00,0.00,0.00,0.00,0.00,0.00,0.00,0.00,0.00,0.00,0.00,0.00,0.00,0.00,0.00,29.85,0.00,0.00,0.00,0.00,0.00,0.00,0.00,0.00,0.00,0.00,29.85,0.00,0.00,0.00,0.00,0.00,0.00,29.85,0.00,0.00,0.00,0.00,0.00,0.00,0.00,0.00,0.00,0.00,0.00,0.00,0.00,0.00,0.00,0.00,0.00,0.00,0.00,0.00,0.00,0.00,0.00,0.00,0.00,0.00,0.00,0.00,0.00,0.00,0.00,0.00,0.00,0.00,0.00,0.00,0.00,0.00,0.00,0.00,0.00,0.00,0.00,0.59,0.12,0.00,0.00,0.00,0.00,0.03,0.01,0.00,0.62,1.78,2.26,2.94,3.27,2.63,3.49,4.98,0.00,2.55,3.18,2.64,2.43,0.00,2.30,0.00,3.67,1.36,1.00,1.49,0.50,1.99,1.78,1.05,2.30,2.99,1.85,0.53,0.00,0.00,4.98,2.13,0.47,0.49,1.10,0.83,14.93,0.95,1.18,0.00,0.00,3.95,1.99,0.00,0.00,0.00,0.00,1.22,1.57,0.00,0.00,0.00,0.00,0.00,0.00,0.00,3.44,2.04,0.00,2.11,3.11,0.98,0.70,1.54,0.52,10.33,14.93,0.00,0.00,0.00,0.00,0.00,0.00,0.00,0.00,0.00,0.00
7550.5,-2.000,7.000,0.000,0.000,0.000,0,0,0.830,0,0.050,0.027,0.084,0.047,0.005,0.00,1.50,1.46,2.49,2.49,73.94,79.74,4.26,12.79,24.77,28.72,0.59,1.31,3.06,3.26,2.08,2.17,27.01,25.59,15.10,18.79,0.00,29.85,5.60,11.82,0.00,0.00,0.80,0.80,2.01,2.29,0.00,0.77,2.50,2.43,0.00,0.00,0.00,0.00,1.42,1.42,0.00,1.99,0.00,0.00,0.00,0.00,0.00,0.00,0.00,0.00,0.00,0.00,0.00,0.00,0.00,0.00,0.00,0.00,0.00,0.00,0.00,0.00,0.00,0.00,0.00,0.00,0.00,0.00,0.00,0.00,0.00,0.00,0.00,0.00,0.00,0.00,0.00,0.00,0.00,0.00,0.00,0.00,0.00,0.00,0.00,0.00,0.00,0.00,0.00,0.00,0.00,0.00,0.00,0.00,0.53,1.43,0.00,1.71,2.69,2.89,17.09,17.76,0.00,0.00,2.30,0.00,1.01,1.52,0.00,0.00,0.77,0.69,0.81,0.81,0.00,0.00,0.00,0.00,0.00,0.00,0.00,0.00,0.00,0.00,0.00,0.00,0.00,0.00,0.00,0.00,0.00,2.60,0.00,0.00,0.00,0.00,0.00,0.00,0.00,0.00,0.00,0.00,0.00,0.00,0.00,0.00,0.00,0.00,0.00,0.00,0.00,0.00,0.00,0.00,0.00,0.00,0.00,0.00,0.00,0.00,0.00,0.00,0.00,0.00,0.00,0.00,0.00,0.00,0.00,0.00,0.00,0.00,0.00,0.00,0.00,0.00,0.00,0.00,0.00,0.00,0.00,29.85,0.00,0.00,0.00,0.00,0.00,0.00,0.00,0.00,0.00,0.00,0.00,0.00,0.00,0.00,0.00,0.00,0.00,0.00,0.00,0.00,0.00,0.00,0.00,0.00,0.00,0.00,0.00,0.00,0.00,0.00,0.00,0.00,0.00,0.00,0.00,0.00,0.00,0.00,0.00,0.00,0.00,0.00,0.00,0.00,0.00,0.00,0.00,0.00,0.00,0.35,0.12,0.00,0.00,0.00,0.00,0.01,0.02,0.40,0.00,1.43,1.13,2.37,2.57,3.68,2.93,0.00,0.00,3.13,3.45,3.05,3.47,0.00,2.30,0.00,1.84,0.90,1.00,0.00,2.99,0.50,1.78,1.05,0.00,0.00,1.54,1.06,0.00,4.26,0.00,0.00,0.95,0.00,0.99,0.81,0.00,0.76,1.35,0.00,0.00,2.19,1.33,0.00,0.00,0.00,2.99,1.02,1.13,0.00,0.00,0.00,0.00,0.00,0.00,2.21,2.30,0.90,1.39,1.05,0.62,0.49,0.70,2.06,1.05,4.59,5.74,0.00,0.00,0.00,0.00,0.00,0.00,0.00,0.00,0.00,0.00
7650.5,-2.000,7.000,0.000,0.000,0.000,0,0,0.831,0,0.088,0.089,0.086,0.079,0.001,0.00,1.35,1.03,2.49,4.98,73.66,79.88,8.53,12.79,23.99,29.16,1.22,0.93,2.88,2.71,2.24,2.43,34.12,24.16,16.62,21.09,29.85,29.85,11.19,8.08,0.00,0.00,0.40,1.99,2.31,2.31,1.57,0.77,1.06,2.01,0.00,0.00,0.00,0.00,0.00,1.42,0.00,0.00,0.00,1.57,0.00,0.00,0.00,0.00,0.00,0.00,0.00,0.00,0.00,0.00,0.00,0.00,0.00,0.00,0.00,0.00,0.00,0.00,0.00,0.00,0.00,0.00,0.00,0.00,0.00,0.00,0.00,0.00,0.00,0.00,0.00,0.00,0.00,0.00,0.00,0.00,0.00,0.00,0.00,0.00,0.00,0.00,0.00,0.00,0.00,0.00,0.00,0.00,0.00,0.00,1.24,0.89,2.30,0.00,2.61,2.54,17.14,17.18,0.00,0.00,2.30,3.73,1.01,0.00,0.00,0.00,0.77,0.89,0.81,0.81,0.00,0.00,0.00,0.00,0.00,0.00,0.00,29.85,0.00,0.00,0.00,0.00,29.85,29.85,0.00,0.00,0.00,0.00,0.00,0.00,0.00,0.00,0.00,0.00,0.00,0.00,0.00,0.00,0.00,0.00,0.00,0.00,0.00,0.00,0.00,0.00,0.00,14.93,0.00,0.00,0.00,0.00,0.00,0.00,0.00,0.00,0.00,0.00,0.00,0.00,0.00,0.00,0.00,0.00,0.00,0.00,0.00,0.00,29.85,0.00,0.00,0.00,0.00,0.00,0.00,29.85,0.00,0.00,0.00,0.00,0.00,0.00,0.00,0.00,0.00,0.00,0.00,0.00,0.00,0.00,0.00,0.00,0.00,0.00,0.00,0.00,0.00,0.00,0.00,0.00,0.00,0.00,0.00,0.00,0.00,0.00,0.00,0.00,0.00,0.00,0.00,0.00,0.00,0.00,0.00,0.00,0.00,0.00,0.00,0.00,0.00,0.00,0.00,0.00,0.00,0.00,0.00,0.47,0.61,0.00,0.00,0.00,0.00,0.02,0.00,1.19,0.92,1.07,1.13,3.06,3.01,2.63,3.77,0.00,0.00,3.51,3.66,2.23,2.95,0.00,0.00,0.00,2.76,2.71,0.50,2.99,0.50,0.00,2.13,0.21,0.00,0.00,0.62,0.53,4.26,4.26,0.00,2.13,1.42,1.47,1.10,1.12,0.00,0.76,1.13,0.00,14.93,3.95,1.33,0.00,0.00,0.00,0.00,1.07,0.97,0.00,0.00,0.00,0.00,0.00,0.00,2.21,2.30,1.13,0.93,0.70,0.62,0.98,2.11,1.80,1.05,4.59,4.59,0.00,14.93,0.00,0.00,0.00,0.00,0.00,0.00,0.00,0.00
7750.5,-2.000,7.000,0.000,0.000,0.000,0,0,0.831,0,0.041,0.017,0.078,0.015,0.000,2.13,1.25,1.06,4.98,4.98,73.80,80.44,17.06,12.79,20.40,28.72,1.01,0.82,3.42,3.26,2.51,1.97,32.69,21.32,16.04,19.71,59.70,0.00,10.57,9.33,0.00,0.00,0.80,0.80,2.29,2.18,0.79,0.77,0.97,1.68,0.00,0.00,0.00,0.00,0.00,0.00,2.30,0.00,0.00,0.00,0.00,0.00,0.00,0.00,0.00,0.00,0.00,0.00,0.00,0.00,0.00,0.00,0.00,0.00,0.00,0.00,0.00,0.00,0.00,0.00,0.00,0.00,0.00,0.00,0.00,0.00,0.00,0.00,0.00,0.00,0.00,0.00,0.00,0.00,0.00,0.00,0.00,0.00,0.00,0.00,0.00,0.00,0.00,0.00,0.00,0.00,0.00,0.00,0.00,0.00,1.24,0.71,1.53,0.85,3.09,3.12,17.50,17.13,0.00,0.00,2.30,1.87,0.51,0.51,0.00,0.00,0.77,0.59,0.81,0.00,7.46,0.00,0.00,29.85,0.00,0.00,0.00,0.00,0.00,0.00,0.00,0.00,0.00,0.00,0.00,0.00,0.00,0.00,0.00,0.00,0.00,0.00,0.00,0.00,0.00,0.00,0.00,0.00,0.00,0.00,0.00,0.00,0.00,0.00,0.00,0.00,0.00,0.00,0.00,0.00,0.00,0.00,0.00,0.00,0.00,0.00,0.00,0.00,0.00,0.00,0.00,0.00,0.00,0.00,0.00,0.00,0.00,0.00,0.00,0.00,0.00,0.00,0.00,0.00,0.00,0.00,0.00,0.00,0.00,0.00,0.00,0.00,0.00,0.00,0.00,0.00,0.00,0.00,0.00,0.00,0.00,0.00,0.00,0.00,0.00,0.00,0.00,0.00,0.00,0.00,0.00,0.00,0.00,0.00,0.00,0.00,0.00,0.00,0.00,0.00,0.00,0.00,0.00,0.00,0.00,0.00,0.00,0.00,0.00,0.00,0.00,0.00,0.00,0.00,0.00,0.00,0.00,0.35,0.12,0.00,0.00,0.00,0.00,0.02,0.00,0.00,0.62,0.83,1.13,2.71,2.77,1.97,2.93,0.00,0.00,2.55,2.49,1.42,3.12,0.00,0.00,0.00,1.84,0.45,1.99,1.00,0.00,1.99,0.36,1.26,0.00,0.00,0.31,1.06,0.00,0.00,0.00,2.13,0.00,0.98,0.72,0.62,0.00,1.27,0.73,0.00,0.00,0.88,2.65,0.00,0.00,0.00,0.00,0.82,0.89,0.00,0.00,0.00,0.00,0.00,0.00,0.00,0.00,0.90,0.46,0.00,0.93,1.96,2.46,0.77,1.31,4.59,1.15,0.00,0.00,0.00,0.00,0.00,0.00,0.00,0.00,0.00,0.00
7850.5,-2.000,7.000,0.000,0.000,0.000,0,0,0.831,0,0.008,0.003,0.015,0.003,0.199,0.00,1.07,1.23,4.98,4.98,76.84,81.14,12.79,12.79,22.85,27.16,1.10,0.95,4.50,3.98,2.83,2.11,31.27,21.32,18.14,19.36,29.85,59.70,10.57,10.57,0.00,0.00,0.80,0.80,2.78,2.82,1.57,0.00,1.53,2.53,0.00,0.00,0.00,0.00,0.00,1.42,2.30,0.00,0.00,0.00,0.00,0.00,0.00,0.00,0.00,0.00,0.00,0.00,0.00,0.00,0.00,0.00,0.00,0.00,0.00,0.00,0.00,0.00,0.00,0.00,0.00,0.00,0.00,0.00,0.00,0.00,0.00,0.00,0.00,0.00,0.00,0.00,0.00,0.00,0.00,0.00,0.00,0.00,0.00,0.00,0.00,0.00,0.00,0.00,0.00,0.00,0.00,0.00,0.00,0.00,0.35,1.07,0.77,0.85,2.96,2.98,17.95,18.13,0.00,0.00,0.00,0.00,1.01,2.02,0.00,0.00,1.08,1.58,1.61,0.81,0.00,0.00,29.85,29.85,0.00,0.00,0.00,29.85,0.00,0.00,0.00,0.00,0.00,0.00,0.00,0.00,4.98,1.30,0.00,0.00,0.00,0.00,0.00,0.00,0.00,0.00,0.00,0.00,0.00,0.00,0.00,0.00,0.00,0.00,0.00,0.00,14.93,29.85,0.00,14.93,0.00,0.00,0.00,0.00,0.00,0.00,0.00,0.00,0.00,0.00,0.00,0.00,0.00,0.00,0.00,0.00,0.00,0.00,0.00,0.00,0.00,0.00,0.00,0.00,0.00,0.00,0.00,0.00,0.00,0.00,0.00,0.00,0.00,0.00,0.00,0.00,0.00,0.00,0.00,0.00,0.00,0.00,0.00,0.00,0.00,0.00,0.00,0.00,0.00,0.00,0.00,0.00,0.00,0.00,0.00,0.00,0.00,0.00,0.00,0.00,0.00,0.00,0.00,0.00,0.00,0.00,0.00,0.00,0.00,0.00,0.00,0.00,0.00,0.00,0.00,0.00,0.00,0.71,0.12,0.00,0.00,0.00,0.00,0.02,0.00,0.40,1.23,1.19,0.72,2.94,2.96,1.97,2.79,0.00,0.00,3.00,2.76,2.44,2.78,0.00,0.00,0.00,2.30,0.00,3.98,0.00,1.00,0.00,2.13,1.05,4.59,0.00,0.62,0.79,0.00,4.26,0.00,1.07,1.42,1.47,0.68,0.93,0.00,1.02,1.18,0.00,0.00,3.07,5.31,0.00,0.00,3.32,0.00,0.98,1.12,0.00,0.00,0.00,0.00,0.00,0.00,4.42,0.00,0.90,0.46,1.40,1.87,1.96,1.40,0.77,1.31,3.44,2.30,0.00,0.00,0.00,0.00,0.00,0.00,0.00,0.00,0.00,0.00
7950.5,-2.000,7.000,0.000,0.000,0.000,0,0,0.832,0,0.015,0.001,0.038,0.001,0.037,0.00,0.89,1.00,2.49,2.49,73.11,78.90,17.06,21.32,23.99,29.50,0.95,1.31,3.42,2.53,2.51,2.06,28.43,27.01,16.86,18.56,59.70,29.85,12.44,11.19,0.00,0.00,0.80,1.59,2.17,2.33,0.79,0.00,1.25,2.81,0.00,0.00,0.00,0.00,1.42,0.00,2.30,3.98,0.00,0.00,0.00,0.00,0.00,0.00,0.00,0.00,0.00,0.00,0.00,0.00,0.00,0.00,0.00,0.00,0.00,0.00,0.00,0.00,0.00,0.00,0.00,0.00,0.00,0.00,0.00,0.00,0.00,0.00,0.00,0.00,0.00,0.00,0.00,0.00,0.00,0.00,0.00,0.00,0.00,0.00,0.00,0.00,0.00,0.00,0.00,0.00,0.00,0.00,0.00,0.00,0.71,1.97,0.00,0.00,2.76,2.86,15.81,18.05,0.00,0.00,0.00,1.87,0.51,1.01,0.00,0.00,1.08,0.89,1.61,0.00,0.00,0.00,0.00,0.00,0.00,0.00,0.00,0.00,0.00,0.00,0.00,0.00,0.00,0.00,29.85,0.00,0.00,0.00,0.00,0.00,0.00,0.00,0.00,0.00,0.00,0.00,0.00,0.00,0.00,0.00,0.00,0.00,0.00,0.00,0.00,0.00,0.00,0.00,0.00,0.00,0.00,0.00,0.00,0.00,0.00,0.00,0.00,0.00,0.00,0.00,0.00,0.00,0.00,0.00,0.00,0.00,0.00,0.00,0.00,0.00,0.00,0.00,0.00,0.00,0.00,0.00,0.00,0.00,0.00,0.00,0.00,0.00,0.00,0.00,0.00,0.00,0.00,0.00,0.00,0.00,0.00,0.00,0.00,0.00,0.00,0.00,0.00,0.00,0.00,0.00,0.00,0.00,0.00,0.00,0.00,0.00,0.00,0.00,0.00,0.00,0.00,0.00,0.00,0.00,0.00,0.00,0.00,0.00,0.00,0.00,0.00,0.00,0.00,0.00,0.00,0.00,0.00,0.12,0.12,0.00,0.00,0.00,0.00,0.02,0.01,1.59,0.31,0.71,0.82,2.80,2.94,2.89,3.21,0.00,0.00,2.93,3.25,3.45,2.60,0.00,0.00,0.00,3.67,4.07,2.99,2.99,4.98,2.49,1.42,1.26,2.30,2.99,1.23,1.06,0.00,0.00,4.98,0.00,0.95,0.00,0.99,0.75,0.00,0.83,1.18,0.00,0.00,3.95,2.65,0.00,0.00,0.00,0.00,1.14,1.02,0.00,29.85,0.00,0.00,0.00,0.00,0.00,2.30,1.36,1.39,3.16,1.24,0.00,0.70,0.26,0.52,2.30,3.44,0.00,0.00,0.00,0.00,0.00,0.00,0.00,0.00,0.00,0.00
8050.5,-2.000,7.000,0.000,0.000,0.000,0,0,0.832,0,0.031,0.047,0.007,0.000,0.007,0.00,1.10,0.93,2.49,4.98,72.42,79.32,8.53,12.79,21.88,30.54,1.08,0.97,2.34,2.53,1.60,2.18,25.59,19.90,13.70,19.13,0.00,29.85,4.98,8.71,0.00,0.00,0.40,0.40,2.13,2.52,0.79,0.00,1.76,2.06,0.00,0.00,0.00,0.00,0.00,1.42,4.59,0.00,0.00,0.00,0.00,0.00,0.00,0.00,0.00,0.00,0.00,0.00,0.00,0.00,0.00,0.00,0.00,0.00,0.00,0.00,0.00,0.00,0.00,0.00,0.00,0.00,0.00,0.00,0.00,0.00,0.00,0.00,0.00,0.00,0.00,0.00,0.00,0.00,0.00,0.00,0.00,0.00,0.00,0.00,0.01,0.01,0.00,0.00,0.00,0.00,0.00,0.00,0.00,0.00,0.35,1.07,0.77,0.00,2.87,3.07,16.75,17.49,0.00,0.00,0.00,1.87,1.01,0.51,0.00,0.00,0.77,0.99,2.42,0.81,0.00,3.73,0.00,0.00,0.00,19.90,0.00,0.00,0.00,0.00,0.00,0.00,0.00,0.00,29.85,29.85,2.49,1.30,0.00,0.00,0.00,0.00,0.00,0.00,0.00,0.00,0.00,0.00,0.00,0.00,0.00,0.00,0.00,0.00,0.00,0.00,0.00,0.00,0.00,0.00,0.00,0.00,0.00,0.00,0.00,0.00,0.00,0.00,0.00,0.00,0.00,0.00,0.00,0.00,0.00,0.00,0.00,0.00,0.00,0.00,0.00,0.00,0.00,0.00,0.00,0.00,0.00,0.00,0.00,0.00,0.00,0.00,0.00,0.00,0.00,0.00,0.00,0.00,0.00,0.00,0.00,0.00,0.00,0.00,0.00,0.00,0.00,0.00,0.00,0.00,0.00,0.00,0.00,0.00,0.00,0.00,0.00,0.00,0.00,0.00,0.00,0.00,0.00,0.00,0.00,0.00,0.00,0.00,0.00,0.00,0.00,0.00,0.00,0.00,0.00,0.00,0.00,0.47,0.85,0.00,0.00,0.00,0.00,0.01,0.02,0.00,0.31,1.07,0.72,2.92,3.17,2.50,3.07,0.00,0.00,2.74,2.76,3.25,2.60,0.00,0.00,0.00,0.46,1.81,0.00,0.50,0.00,0.50,0.36,0.63,0.00,0.00,1.54,0.79,0.00,0.00,0.00,1.07,0.00,0.00,0.82,0.77,0.00,1.08,0.90,0.00,0.00,3.51,3.98,0.00,0.00,0.00,2.99,0.94,0.82,0.00,0.00,0.00,0.00,0.00,0.00,0.00,0.00,1.13,0.69,0.35,0.31,0.49,0.70,1.29,0.79,2.30,1.15,0.00,0.00,0.00,0.00,0.00,0.00,0.00,0.00,0.00,0.00
8150.5,-2.000,7.000,0.000,0.000,0.000,0,0,0.833,0,0.006,0.009,0.001,0.000,0.001,0.00,1.14,1.13,2.49,2.49,73.24,78.06,12.79,12.79,22.85,29.59,1.01,0.80,4.50,3.44,2.06,2.22,31.27,29.85,15.34,18.79,0.00,29.85,11.82,11.19,0.00,0.00,1.59,0.00,2.43,2.64,2.36,0.77,2.50,3.09,0.00,0.00,0.00,0.00,0.00,0.00,0.00,1.99,0.00,0.00,0.00,0.00,0.00,0.00,0.00,0.00,0.00,0.00,0.00,0.00,0.00,0.00,0.00,0.00,0.00,0.00,0.00,0.00,0.00,0.00,0.00,0.00,0.00,0.00,0.00,0.00,0.00,0.00,0.00,0.00,0.00,0.00,0.00,0.00,0.00,0.00,0.00,0.00,0.00,0.00,0.00,0.00,0.00,0.00,0.00,0.00,0.00,0.00,0.00,0.00,0.35,1.07,0.77,0.00,3.13,3.21,16.77,17.44,0.00,0.00,2.30,1.87,3.04,1.01,0.00,0.00,1.39,1.09,1.61,0.81,0.00,0.00,0.00,0.00,0.00,0.00,0.00,0.00,29.85,29.85,0.00,0.00,0.00,0.00,0.00,0.00,1.24,1.30,0.00,0.00,0.00,0.00,0.00,0.00,0.00,0.00,0.00,0.00,0.00,0.00,0.00,0.00,0.00,0.00,0.00,0.00,0.00,0.00,0.00,0.00,0.00,0.00,0.00,0.00,0.00,0.00,0.00,0.00,0.00,0.00,0.00,0.00,0.00,0.00,0.00,0.00,0.00,0.00,0.00,0.00,0.00,0.00,0.00,0.00,0.00,0.00,0.00,0.00,0.00,0.00,0.00,0.00,0.00,0.00,0.00,0.00,0.00,0.00,0.00,0.00,0.00,0.00,0.00,0.00,0.00,0.00,0.00,0.00,0.00,0.00,0.00,0.00,0.00,0.00,0.00,0.00,0.00,0.00,0.00,0.00,0.00,0.00,0.00,0.00,0.00,0.00,0.00,0.00,0.00,0.00,0.00,0.00,0.00,0.00,0.00,0.00,0.00,0.24,0.49,0.00,0.00,0.00,0.00,0.03,0.00,0.80,0.62,1.31,1.03,2.94,2.77,2.50,3.21,4.98,0.00,2.42,2.56,3.05,3.82,0.00,0.00,0.00,3.21,0.90,0.50,2.99,1.49,0.50,1.07,0.42,0.00,0.00,0.92,0.53,0.00,4.26,0.00,1.07,0.95,1.47,0.97,0.81,14.93,0.64,1.13,0.00,0.00,5.27,4.64,0.00,0.00,3.32,0.00,1.01,0.81,0.00,0.00,0.00,0.00,0.00,0.00,1.11,1.15,0.45,1.85,1.40,1.87,0.98,1.05,1.03,1.83,3.44,0.00,0.00,0.00,0.00,0.00,0.00,0.00,0.00,0.00,0.00,0.00
8250.5,-2.000,7.000,0.000,0.000,0.000,0,0,0.833,0,0.001,0.002,0.000,0.000,0.000,0.00,0.85,1.43,2.49,0.00,73.80,80.44,17.06,12.79,20.66,28.72,1.03,1.03,4.14,2.71,2.51,1.55,31.27,25.59,15.45,18.21,59.70,0.00,8.71,9.95,0.00,0.00,0.80,1.19,2.38,2.46,0.79,1.53,2.45,2.06,0.00,0.00,0.00,0.00,1.42,2.84,2.30,0.00,0.00,0.00,0.00,0.00,0.00,0.00,0.00,0.00,0.00,0.00,0.00,0.00,0.00,0.00,0.00,0.00,0.00,0.00,0.00,0.00,0.00,0.00,0.00,0.00,0.00,0.00,0.00,0.00,0.00,0.00,0.00,0.00,0.00,0.00,0.00,0.00,0.00,0.00,0.00,0.00,0.00,0.00,0.01,0.01,0.00,0.00,0.00,0.00,0.00,0.00,0.00,0.00,0.88,0.71,1.53,0.00,2.83,2.77,17.14,18.23,0.00,0.00,2.30,0.00,0.51,0.51,0.00,0.00,0.62,0.89,0.81,0.00,0.00,0.00,0.00,29.85,0.00,0.00,0.00,0.00,0.00,0.00,0.00,0.00,29.85,0.00,0.00,0.00,2.49,2.60,0.00,0.00,0.00,0.00,0.00,0.00,0.00,0.00,0.00,0.00,0.00,0.00,0.00,0.00,0.00,0.00,0.00,0.00,0.00,0.00,0.00,0.00,0.00,0.00,0.00,0.00,0.00,0.00,0.00,0.00,0.00,0.00,0.00,0.00,0.00,0.00,0.00,0.00,0.00,0.00,0.00,0.00,0.00,0.00,0.00,0.00,0.00,0.00,0.00,0.00,0.00,0.00,0.00,0.00,0.00,0.00,0.00,0.00,0.00,0.00,0.00,0.00,0.00,0.00,0.00,0.00,0.00,0.00,0.00,0.00,0.00,0.00,0.00,0.00,0.00,0.00,0.00,0.00,0.00,0.00,0.00,0.00,0.00,0.00,0.00,0.00,0.00,0.00,0.00,0.00,0.00,0.00,0.00,0.00,0.00,0.00,0.00,0.00,0.00,0.47,0.97,0.00,0.00,0.00,0.00,0.01,0.01,0.80,0.92,1.07,1.44,3.10,2.76,2.76,3.35,4.98,4.98,3.83,2.56,2.44,3.12,0.00,0.00,0.00,0.92,0.45,1.99,1.00,1.99,1.00,0.71,0.42,0.00,0.00,2.15,1.06,0.00,4.26,0.00,2.13,0.00,1.47,0.78,0.48,0.00,0.95,1.13,0.00,0.00,1.76,1.33,0.00,0.00,0.00,0.00,1.03,0.99,0.00,0.00,0.00,0.00,0.00,0.00,2.21,2.30,1.13,1.62,3.51,2.18,1.47,0.35,1.54,0.26,9.18,5.74,0.00,0.00,0.00,0.00,0.00,0.00,0.00,0.00,0.00,0.00
8350.5,-2.000,7.000,0.000,0.000,0.000,0,0,0.833,0,0.014,0.000,0.035,0.000,0.047,0.00,1.25,1.03,2.49,2.49,73.94,77.92,12.79,8.53,22.85,26.90,0.84,1.01,2.88,2.89,2.73,2.34,27.01,24.16,17.21,18.44,59.70,29.85,12.44,9.95,0.00,0.00,0.40,1.19,2.07,2.19,1.57,0.00,2.13,1.78,0.00,0.00,0.00,9.95,0.00,2.84,0.00,1.99,0.00,0.00,0.00,0.00,0.00,0.00,0.00,0.00,0.00,0.00,0.00,0.00,0.00,0.00,0.00,0.00,0.00,0.00,0.00,0.00,0.00,0.00,0.00,0.00,0.00,0.00,0.00,0.00,0.00,0.00,0.00,0.00,0.00,0.00,0.00,0.00,0.00,0.00,0.00,0.00,0.00,0.00,0.00,0.00,0.00,0.00,0.00,0.00,0.00,0.00,0.00,0.00,0.88,1.07,0.77,0.00,3.18,2.93,17.79,16.52,0.00,0.00,2.30,1.87,1.52,0.51,0.00,0.00,0.77,0.69,0.81,0.81,0.00,0.00,0.00,29.85,0.00,0.00,0.00,0.00,0.00,0.00,0.00,0.00,29.85,29.85,29.85,0.00,3.73,1.30,0.00,0.00,0.00,0.00,0.00,0.00,0.00,0.00,0.00,0.00,0.00,0.00,0.00,0.00,0.00,0.00,0.00,0.00,29.85,14.93,0.00,0.00,0.00,0.00,0.00,0.00,0.00,0.00,0.00,0.00,0.00,0.00,0.00,0.00,0.00,0.00,0.00,0.00,0.00,0.00,0.00,0.00,0.00,0.00,0.00,0.00,0.00,0.00,0.00,0.00,0.00,0.00,0.00,0.00,0.00,0.00,0.00,0.00,0.00,0.00,0.00,0.00,0.00,0.00,0.00,0.00,0.00,0.00,0.00,0.00,0.00,0.00,0.00,0.00,0.00,0.00,0.00,0.00,0.00,0.00,0.00,0.00,0.00,0.00,0.00,0.00,0.00,0.00,0.00,0.00,0.00,0.00,0.00,0.00,0.00,0.00,0.00,0.00,0.00,0.59,0.24,0.00,0.00,0.00,0.00,0.02,0.02,0.00,1.23,1.07,1.33,3.09,2.75,3.02,2.23,4.98,0.00,3.38,4.01,2.84,2.78,0.00,0.00,0.00,1.38,0.90,0.50,0.50,1.99,0.50,0.36,0.84,2.30,0.00,0.92,0.79,0.00,4.26,0.00,1.07,0.95,1.47,0.89,0.81,0.00,0.95,1.58,0.00,0.00,3.95,2.65,3.73,0.00,9.95,0.00,1.20,1.21,0.00,0.00,0.00,0.00,0.00,0.00,0.00,1.15,1.36,0.69,1.40,0.62,1.47,3.16,2.32,1.05,1.15,2.30,0.00,0.00,0.00,0.00,0.00,0.00,0.00,0.00,0.00,0.00
8450.5,-2.000,7.000,0.000,0.000,0.000,0,0,0.834,0,0.045,0.000,0.113,0.000,0.009,0.00,1.21,1.30,2.49,4.98,73.94,79.32,17.06,12.79,25.21,28.55,0.76,0.89,4.50,3.44,2.57,2.51,32.69,25.59,16.86,19.82,29.85,59.70,13.06,16.79,0.00,0.00,1.19,0.40,2.74,2.70,0.79,0.00,3.47,2.25,0.00,0.00,0.00,0.00,1.42,1.42,2.30,1.99,0.00,0.00,0.00,0.00,0.00,0.00,0.00,0.00,0.00,0.00,0.00,0.00,0.00,0.00,0.00,0.00,0.00,0.00,0.00,0.00,0.00,0.00,0.00,0.00,0.00,0.00,0.00,0.00,0.00,0.00,0.00,0.00,0.00,0.00,0.00,0.00,0.00,0.00,0.00,0.00,0.00,0.00,0.00,0.00,0.00,0.00,0.00,0.00,0.00,0.00,0.00,0.00,0.53,0.71,0.77,0.85,3.31,3.23,16.88,17.94,7.46,0.00,0.00,0.00,0.51,2.02,0.00,0.00,0.93,0.79,3.23,0.00,0.00,3.73,0.00,29.85,0.00,9.95,29.85,0.00,0.00,0.00,0.00,0.00,0.00,0.00,29.85,0.00,0.00,3.89,0.00,0.00,0.00,0.00,0.00,0.00,0.00,0.00,0.00,0.00,0.00,0.00,0.00,0.00,0.00,0.00,0.00,0.00,29.85,29.85,0.00,0.00,0.00,0.00,0.00,0.00,0.00,0.00,0.00,0.00,0.00,0.00,0.00,0.00,0.00,0.00,0.00,0.00,0.00,0.00,0.00,0.00,0.00,0.00,0.00,0.00,0.00,0.00,29.85,29.85,0.00,0.00,0.00,0.00,0.00,0.00,0.00,0.00,0.00,0.00,29.85,0.00,0.00,0.00,0.00,0.00,0.00,0.00,0.00,0.00,0.00,0.00,0.00,0.00,0.00,0.00,0.00,0.00,0.00,0.00,0.00,0.00,0.00,0.00,0.00,0.00,0.00,0.00,0.00,0.00,0.00,0.00,0.00,0.00,0.00,0.00,0.00,0.00,0.00,0.12,0.00,0.00,0.00,0.00,0.00,0.02,0.00,0.00,0.62,0.83,1.23,2.73,2.93,3.16,3.49,0.00,0.00,2.74,2.63,3.05,2.60,2.49,0.00,0.00,0.46,1.36,1.00,3.48,0.00,1.49,0.00,1.26,2.30,0.00,0.00,0.79,0.00,0.00,0.00,0.00,1.90,0.00,0.89,1.08,0.00,0.95,0.51,0.00,0.00,2.19,3.32,7.46,0.00,3.32,0.00,0.95,0.97,0.00,0.00,0.00,0.00,0.00,0.00,2.21,0.00,0.90,1.85,0.35,0.31,0.49,0.35,1.29,1.31,1.15,1.15,0.00,0.00,0.00,0.00,0.00,0.00,0.00,0.00,0.00,0.00
8550.5,-2.000,7.000,0.000,0.000,0.000,0,0,0.834,0,0.188,0.191,0.185,0.164,0.866,2.13,1.25,0.96,4.98,2.49,75.59,79.74,17.06,17.06,23.11,28.38,0.89,0.87,4.14,2.89,2.99,2.46,32.69,27.01,19.20,16.48,29.85,29.85,9.33,13.06,0.00,0.00,0.80,0.80,2.22,2.02,2.36,0.77,1.43,1.36,0.00,0.00,0.00,0.00,1.42,1.42,2.30,0.00,0.00,0.00,0.00,0.00,0.00,0.00,0.00,0.00,0.00,0.00,0.00,0.00,0.00,0.00,0.00,0.00,0.00,0.00,0.00,0.00,0.00,0.00,0.00,0.00,0.00,0.00,0.00,0.00,0.00,0.00,0.00,0.00,0.00,0.00,0.00,0.00,0.00,0.00,0.00,0.00,0.00,0.00,0.00,0.00,0.00,0.00,0.00,0.00,0.00,0.00,0.00,0.00,0.53,1.25,1.53,3.41,2.72,3.26,16.98,17.92,0.00,0.00,2.30,1.87,0.51,1.52,0.00,0.00,1.39,0.49,0.00,2.42,0.00,0.00,0.00,29.85,0.00,0.00,0.00,0.00,0.00,0.00,0.00,0.00,0.00,0.00,0.00,0.00,0.00,1.30,0.00,0.00,0.00,0.00,0.00,0.00,0.00,0.00,0.00,0.00,0.00,0.00,0.00,0.00,0.00,0.00,0.00,0.00,0.00,0.00,29.85,44.78,59.70,59.70,29.85,29.85,0.00,0.00,0.00,0.00,0.00,0.00,0.00,0.00,0.00,0.00,0.00,0.00,0.00,0.00,0.00,0.00,0.00,0.00,0.00,0.00,0.00,0.00,0.00,0.00,0.00,0.00,0.00,0.00,0.00,0.00,39.80,0.00,0.00,0.00,0.00,0.00,0.00,0.00,0.00,0.00,0.00,0.00,0.00,0.00,0.00,0.00,0.00,0.00,0.00,0.00,0.00,0.00,0.00,0.00,0.00,0.00,0.00,0.00,0.00,0.00,0.00,0.00,0.00,0.00,0.00,0.00,0.00,0.00,0.00,0.00,0.00,0.00,0.00,0.47,0.00,0.00,0.00,0.00,0.00,0.01,0.00,1.19,0.62,1.55,1.74,2.74,2.83,2.89,3.91,0.00,0.00,3.19,3.25,1.83,2.08,0.00,0.00,0.00,0.46,0.00,0.50,1.00,1.00,0.50,1.07,0.63,4.59,2.99,1.23,1.58,4.26,0.00,0.00,2.13,0.95,0.00,0.68,0.77,0.00,0.83,0.73,0.00,0.00,2.19,4.64,0.00,0.00,0.00,0.00,0.94,0.97,0.00,0.00,0.00,0.00,0.00,0.00,1.11,2.30,1.36,0.69,0.70,0.93,0.98,1.40,0.51,0.79,2.30,6.89,0.00,0.00,0.00,0.00,0.00,0.00,0.00,0.00,0.00,0.00
8650.5,-2.000,7.000,0.000,0.000,0.000,0,0,0.835,0,0.085,0.118,0.035,0.113,0.164,0.00,0.85,0.93,7.46,0.00,73.52,79.46,8.53,17.06,22.67,29.16,0.80,0.95,1.98,3.98,2.09,2.21,34.12,21.32,14.40,19.02,29.85,29.85,9.95,12.44,0.00,0.00,1.99,2.39,2.10,2.16,1.57,1.53,1.16,1.50,0.00,0.00,0.00,0.00,1.42,0.00,0.00,0.00,0.00,0.00,0.00,0.00,0.00,0.00,0.00,0.00,0.00,0.00,0.00,0.00,0.00,0.00,0.00,0.00,0.00,0.00,0.00,0.00,0.00,0.00,0.00,0.00,0.00,0.00,0.00,0.00,0.00,0.00,0.00,0.00,0.00,0.00,0.00,0.00,0.00,0.00,0.00,0.00,0.00,0.00,0.00,0.00,0.00,0.00,0.00,0.00,0.00,0.00,0.00,0.00,0.71,1.25,0.77,0.85,3.04,2.68,16.51,17.28,0.00,0.00,0.00,0.00,1.01,0.51,0.00,0.00,0.93,0.99,0.00,1.61,0.00,0.00,0.00,29.85,0.00,0.00,0.00,0.00,0.00,0.00,0.00,0.00,29.85,29.85,0.00,0.00,1.24,1.30,0.00,0.00,0.00,0.00,0.00,0.00,0.00,0.00,0.00,0.00,0.00,0.00,0.00,0.00,0.00,0.00,0.00,0.00,0.00,14.93,0.00,0.00,0.00,0.00,0.00,0.00,0.00,0.00,0.00,0.00,0.00,0.00,0.00,0.00,0.00,0.00,0.00,0.00,0.00,0.00,0.00,0.00,0.00,0.00,0.00,0.00,0.00,0.00,0.00,0.00,0.00,0.00,0.00,0.00,0.00,0.00,0.00,0.00,0.00,0.00,0.00,0.00,0.00,0.00,0.00,0.00,0.00,0.00,0.00,0.00,0.00,0.00,0.00,0.00,0.00,0.00,0.00,0.00,0.00,0.00,0.00,0.00,0.00,0.00,0.00,0.00,0.00,0.00,0.00,0.00,0.00,0.00,0.00,0.00,0.00,0.00,0.00,0.00,0.00,0.59,0.61,0.00,0.00,0.00,0.00,0.02,0.00,0.00,0.92,1.55,1.13,3.13,2.81,3.55,2.65,0.00,0.00,2.93,3.18,2.44,2.95,0.00,0.00,0.00,0.46,0.90,0.00,0.00,0.50,1.00,0.36,1.47,0.00,0.00,0.31,1.85,0.00,0.00,0.00,0.00,0.95,0.00,0.84,0.69,0.00,0.95,0.90,0.00,0.00,1.76,1.33,0.00,4.26,0.00,0.00,0.89,0.92,0.00,0.00,0.00,0.00,0.00,0.00,0.00,0.00,2.49,2.08,1.05,1.24,0.00,0.70,0.51,1.57,1.15,0.00,0.00,0.00,0.00,0.00,0.00,0.00,0.00,0.00,0.00,0.00
8750.5,-2.000,7.000,0.000,0.000,0.000,0,0,0.835,0,0.007,0.000,0.019,0.021,0.150,2.13,1.50,1.83,9.95,2.49,74.35,80.30,8.53,8.53,24.77,28.38,1.03,0.89,3.06,4.52,2.20,2.59,29.85,28.43,16.51,20.28,29.85,29.85,13.68,14.30,0.00,0.00,1.19,0.00,2.25,2.24,0.00,0.77,2.41,2.81,0.00,0.00,0.00,0.00,1.42,0.00,0.00,0.00,0.00,0.00,0.00,0.00,0.00,0.00,0.00,0.00,0.00,0.00,0.00,0.00,0.00,0.00,0.00,0.00,0.00,0.00,0.00,0.00,0.00,0.00,0.00,0.00,0.00,0.00,0.00,0.00,0.00,0.00,0.00,0.00,0.00,0.00,0.00,0.00,0.00,0.00,0.00,0.00,0.00,0.00,0.00,0.00,0.00,0.00,0.00,0.00,0.00,0.00,0.00,0.00,0.53,1.07,1.53,0.00,3.07,2.61,17.63,15.73,0.00,0.00,2.30,1.87,1.01,1.52,0.00,0.00,0.77,0.59,3.23,0.00,0.00,3.73,0.00,0.00,0.00,0.00,0.00,29.85,0.00,29.85,0.00,0.00,29.85,0.00,29.85,0.00,0.00,0.00,0.00,0.00,0.00,0.00,0.00,0.00,0.00,0.00,0.00,0.00,0.00,0.00,0.00,0.00,0.00,0.00,0.00,0.00,0.00,0.00,0.00,14.93,0.00,0.00,0.00,0.00,0.00,0.00,0.00,0.00,0.00,0.00,0.00,0.00,0.00,0.00,29.85,29.85,0.00,0.00,0.00,0.00,0.00,0.00,0.00,0.00,0.00,0.00,0.00,0.00,0.00,0.00,0.00,0.00,0.00,0.00,0.00,0.00,29.85,9.95,0.00,0.00,0.00,0.00,0.00,0.00,0.00,0.00,0.00,0.00,0.00,0.00,0.00,0.00,0.00,0.00,0.00,0.00,0.00,0.00,0.00,0.00,0.00,0.00,0.00,0.00,0.00,0.00,0.00,0.00,0.00,0.00,0.00,0.00,0.00,0.00,0.00,0.00,0.00,0.35,0.12,0.00,0.93,0.00,0.00,0.02,0.01,0.40,1.23,1.43,2.77,2.88,2.76,3.29,2.79,4.98,0.00,3.44,2.83,3.05,2.08,0.00,6.89,0.00,0.46,0.90,0.00,1.49,1.00,0.50,1.78,1.68,0.00,0.00,0.92,0.53,0.00,0.00,0.00,4.26,0.00,0.49,1.04,0.93,0.00,0.83,0.79,0.00,0.00,2.63,3.98,0.00,0.00,0.00,2.99,0.91,1.38,0.00,0.00,0.00,0.00,0.00,0.00,2.21,1.15,0.68,1.16,1.76,2.18,1.47,2.81,0.77,1.05,8.04,10.33,0.00,0.00,0.00,0.00,0.00,0.00,0.00,0.00,0.00,0.00
8850.5,-2.000,7.000,0.000,0.000,0.000,0,0,0.835,0,0.001,0.000,0.004,0.004,0.028,0.00,1.21,1.43,2.49,4.98,76.29,80.58,17.06,8.53,22.15,28.46,0.89,1.18,3.78,3.80,2.38,1.30,32.69,28.43,16.51,17.98,29.85,0.00,6.22,11.82,0.00,0.00,0.80,1.19,2.51,2.30,1.57,0.00,1.71,2.48,0.00,0.00,0.00,9.95,0.00,0.00,2.30,0.00,0.00,0.00,0.00,0.00,0.00,0.00,0.00,0.00,0.00,0.00,0.00,0.00,0.00,0.00,0.00,0.00,0.00,0.00,0.00,0.00,0.00,0.00,0.00,0.00,0.00,0.00,0.00,0.00,0.00,0.00,0.00,0.00,0.00,0.00,0.00,0.00,0.00,0.00,0.00,0.00,0.00,0.00,0.00,0.00,0.00,0.00,0.00,0.00,0.00,0.00,0.00,0.00,1.06,1.25,0.00,0.00,2.96,3.14,16.72,17.52,0.00,0.00,2.30,0.00,2.53,0.00,0.00,0.00,1.39,0.69,0.81,0.81,0.00,0.00,0.00,29.85,0.00,0.00,0.00,0.00,0.00,0.00,0.00,0.00,0.00,0.00,59.70,0.00,0.00,1.30,0.00,0.00,0.00,0.00,0.00,0.00,0.00,0.00,0.00,0.00,0.00,0.00,0.00,0.00,0.00,0.00,0.00,0.00,0.00,0.00,0.00,0.00,0.00,0.00,0.00,0.00,0.00,0.00,0.00,0.00,0.00,0.00,0.00,0.00,0.00,0.00,0.00,0.00,0.00,0.00,0.00,0.00,0.00,0.00,0.00,0.00,0.00,0.00,0.00,0.00,0.00,0.00,0.00,0.00,0.00,0.00,0.00,0.00,0.00,0.00,0.00,0.00,0.00,0.00,0.00,0.00,0.00,0.00,0.00,0.00,0.00,0.00,0.00,0.00,0.00,0.00,0.00,0.00,0.00,0.00,0.00,0.00,0.00,0.00,0.00,0.00,0.00,0.00,0.00,0.00,0.00,0.00,0.00,0.00,0.00,0.00,0.00,0.00,0.00,0.35,0.73,0.00,0.00,0.00,0.00,0.02,0.01,0.40,0.31,1.07,1.33,3.02,3.04,1.97,2.65,0.00,0.00,3.25,2.07,2.84,2.43,2.49,0.00,0.00,0.00,0.90,0.50,1.00,0.50,1.00,1.42,0.63,4.59,0.00,0.92,1.32,0.00,0.00,0.00,0.00,0.00,0.00,0.97,0.81,0.00,1.08,0.79,0.00,0.00,2.19,2.65,0.00,0.00,0.00,0.00,0.99,0.92,0.00,0.00,0.00,0.00,0.00,0.00,4.42,1.15,1.81,2.08,0.70,0.31,1.47,2.81,0.26,2.09,0.00,0.00,0.00,0.00,0.00,0.00,0.00,0.00,0.00,0.00,0.00,0.00
8950.5,-2.000,7.000,0.000,0.000,0.000,0,0,0.836,0,0.000,0.000,0.001,0.001,0.005,4.26,1.28,0.96,4.98,2.49,74.90,81.70,12.79,12.79,23.55,28.29,0.68,1.08,3.06,3.62,1.79,3.21,34.12,25.59,17.33,19.36,29.85,29.85,6.84,13.68,0.00,0.00,1.59,1.19,2.20,2.52,0.79,0.77,1.71,2.01,0.00,0.00,0.00,9.95,1.42,0.00,0.00,3.98,1.49,0.00,0.00,0.00,0.00,0.00,0.00,0.00,0.00,0.00,0.00,0.00,0.00,0.00,0.00,0.00,0.00,0.00,0.00,0.00,0.00,0.00,0.00,0.00,0.00,0.00,0.00,0.00,0.00,0.00,0.00,0.00,0.00,0.00,0.00,0.00,0.00,0.00,0.00,0.00,0.00,0.00,0.00,0.00,0.00,0.00,0.00,0.00,0.00,0.00,0.00,0.00,1.24,1.25,0.77,1.71,2.91,2.93,16.70,18.81,7.46,0.00,4.59,3.73,1.01,3.04,0.00,0.00,1.55,1.09,0.00,0.81,0.00,3.73,0.00,0.00,0.00,0.00,29.85,0.00,0.00,0.00,0.00,0.00,29.85,29.85,0.00,0.00,1.24,0.00,0.00,0.00,0.00,0.00,0.00,0.00,0.00,0.00,0.00,0.00,0.00,0.00,0.00,0.00,0.00,0.00,0.00,0.00,0.00,0.00,0.00,0.00,0.00,0.00,0.00,0.00,0.00,0.00,0.00,0.00,0.00,0.00,0.00,0.00,0.00,0.00,0.00,0.00,0.00,0.00,0.00,0.00,0.00,0.00,0.00,0.00,0.00,0.00,0.00,0.00,0.00,0.00,0.00,0.00,0.00,0.00,0.00,0.00,0.00,0.00,0.00,0.00,0.00,0.00,0.00,0.00,0.00,0.00,0.00,0.00,0.00,0.00,0.00,0.00,0.00,0.00,0.00,0.00,0.00,0.00,0.00,0.00,0.00,0.00,0.00,0.00,0.00,0.00,0.00,0.00,0.00,0.00,0.00,0.00,0.00,0.00,0.00,0.00,0.00,0.59,0.49,0.00,0.00,0.00,0.00,0.01,0.01,0.80,0.31,0.83,0.72,3.15,2.81,3.68,3.35,4.98,0.00,3.44,3.11,2.23,3.47,0.00,2.30,0.00,3.67,1.36,1.49,0.00,1.00,0.50,0.71,0.63,9.18,0.00,0.00,2.64,0.00,0.00,0.00,1.07,0.95,0.00,1.35,0.75,0.00,0.89,1.13,0.00,14.93,4.83,1.33,3.73,0.00,3.32,2.99,0.99,0.93,0.00,0.00,0.00,0.00,0.00,0.00,1.11,0.00,1.81,0.93,1.05,0.62,2.94,1.76,1.29,0.52,2.30,1.15,0.00,0.00,0.00,0.00,0.00,0.00,0.00,0.00,0.00,0.00
9050.5,-2.000,7.000,0.000,0.000,0.000,0,0,0.836,0,0.040,0.000,0.101,0.188,0.001,0.00,1.32,1.43,0.00,0.00,75.87,81.14,21.32,12.79,23.37,30.02,0.95,0.76,2.70,3.26,2.66,1.82,35.54,29.85,18.73,19.02,29.85,0.00,8.71,11.82,0.00,0.00,0.80,1.59,2.46,2.43,0.00,1.53,2.92,3.18,0.00,0.00,0.00,0.00,2.84,0.00,0.00,0.00,0.00,3.14,0.00,0.00,0.00,0.00,0.00,0.00,0.00,0.00,0.00,0.00,0.00,0.00,0.00,0.00,0.00,0.00,0.00,0.00,0.00,0.00,0.00,0.00,0.00,0.00,0.00,0.00,0.00,0.00,0.00,0.00,0.00,0.00,0.00,0.00,0.00,0.00,0.00,0.00,0.00,0.00,0.00,0.00,0.00,0.00,0.00,0.00,0.00,0.00,0.00,0.00,0.88,0.89,0.77,2.56,3.20,3.14,17.66,18.63,0.00,0.00,4.59,1.87,1.01,1.01,0.00,0.00,0.31,0.99,0.81,1.61,0.00,0.00,0.00,29.85,0.00,0.00,0.00,0.00,0.00,0.00,0.00,0.00,0.00,0.00,29.85,0.00,0.00,0.00,0.00,0.00,0.00,0.00,0.00,0.00,0.00,0.00,0.00,0.00,0.00,0.00,0.00,0.00,0.00,0.00,0.00,0.00,0.00,0.00,0.00,0.00,0.00,0.00,0.00,0.00,0.00,0.00,0.00,0.00,0.00,0.00,0.00,0.00,29.85,29.85,0.00,0.00,0.00,0.00,0.00,0.00,0.00,0.00,0.00,0.00,0.00,0.00,29.85,29.85,14.93,14.93,29.85,0.00,0.00,0.00,0.00,0.00,0.00,0.00,0.00,0.00,0.00,0.00,0.00,0.00,0.00,0.00,0.00,0.00,0.00,0.00,0.00,0.00,0.00,0.00,0.00,0.00,0.00,0.00,0.00,0.00,0.00,0.00,0.00,0.00,0.00,0.00,0.00,0.00,0.00,0.00,0.00,0.00,0.00,0.00,0.00,0.00,0.00,0.94,0.73,0.00,0.00,0.00,0.00,0.02,0.01,1.19,0.31,1.19,1.64,2.91,2.68,3.02,3.21,0.00,0.00,2.74,2.63,1.83,2.60,0.00,0.00,0.00,4.59,0.45,6.47,2.99,7.46,0.50,0.71,0.21,18.37,5.97,1.54,0.53,0.00,0.00,0.00,0.00,1.42,0.00,1.08,1.00,0.00,0.76,1.01,0.00,0.00,3.07,5.97,0.00,0.00,0.00,0.00,1.02,1.03,0.00,0.00,0.00,0.00,0.00,0.00,1.11,1.15,2.04,1.39,0.70,1.55,0.98,1.05,0.26,1.05,4.59,5.74,0.00,0.00,0.00,0.00,0.00,0.00,0.00,0.00,0.00,0.00
9150.5,-2.000,7.000,0.000,0.000,0.000,0,0,0.837,0,0.008,0.000,0.019,0.036,0.000,0.00,1.18,1.33,7.46,2.49,73.66,79.74,4.26,8.53,22.06,28.81,0.91,0.61,2.16,3.98,2.55,2.34,36.96,27.01,17.91,17.75,0.00,29.85,4.98,13.68,0.00,0.00,1.19,0.40,1.98,2.04,1.57,0.77,1.67,2.25,0.00,0.00,0.00,0.00,0.00,2.84,0.00,1.99,0.00,0.00,0.00,0.00,0.00,0.00,0.00,0.00,0.00,0.00,0.00,0.00,0.00,0.00,0.00,0.00,0.00,0.00,0.00,0.00,0.00,0.00,0.00,0.00,0.00,0.00,0.00,0.00,0.00,0.00,0.00,0.00,0.00,0.00,0.00,0.00,0.00,0.00,0.00,0.00,0.00,0.00,0.00,0.00,0.00,0.00,0.00,0.00,0.00,0.00,0.00,0.00,0.53,1.07,2.30,0.85,2.91,2.84,17.43,17.81,0.00,0.00,0.00,1.87,0.00,1.52,0.00,0.00,1.24,0.99,2.42,2.42,0.00,0.00,0.00,29.85,0.00,0.00,0.00,0.00,0.00,0.00,0.00,0.00,0.00,29.85,0.00,0.00,1.24,3.89,0.00,0.00,0.00,0.00,0.00,0.00,0.00,0.00,0.00,0.00,0.00,0.00,0.00,0.00,0.00,0.00,0.00,0.00,0.00,0.00,0.00,0.00,0.00,0.00,0.00,0.00,0.00,0.00,0.00,0.00,0.00,0.00,0.00,0.00,0.00,0.00,0.00,0.00,0.00,0.00,0.00,0.00,0.00,0.00,0.00,0.00,0.00,0.00,0.00,0.00,0.00,0.00,0.00,0.00,0.00,0.00,0.00,0.00,0.00,0.00,0.00,0.00,0.00,0.00,0.00,0.00,0.00,0.00,0.00,0.00,0.00,0.00,0.00,0.00,0.00,0.00,0.00,0.00,0.00,0.00,0.00,0.00,0.00,0.00,0.00,0.00,0.00,0.00,0.00,0.00,0.00,0.00,0.00,0.00,0.00,0.00,0.00,0.00,0.00,0.59,0.36,0.00,0.00,0.00,0.00,0.02,0.00,0.40,1.23,2.14,1.44,3.09,3.13,3.55,2.79,9.95,0.00,2.68,2.83,4.06,2.26,0.00,0.00,0.00,3.67,3.62,1.49,3.98,2.49,6.97,0.36,0.63,2.30,2.99,0.62,0.79,0.00,0.00,4.98,1.07,1.42,0.00,1.06,0.81,14.93,1.14,1.30,0.00,14.93,2.19,2.65,0.00,0.00,0.00,0.00,0.96,1.16,0.00,0.00,0.00,0.00,0.00,0.00,1.11,1.15,1.81,1.16,1.40,2.49,0.00,0.70,0.77,1.05,2.30,2.30,0.00,0.00,0.00,0.00,0.00,0.00,0.00,0.00,0.00,0.00
9250.5,-2.000,7.000,0.000,0.000,0.000,0,0,0.837,0,0.015,0.000,0.039,0.053,0.341,4.26,1.03,1.23,4.98,0.00,75.59,81.28,17.06,8.53,24.34,29.42,0.99,1.06,3.06,4.16,2.66,2.06,29.85,22.74,18.85,20.52,29.85,29.85,13.68,9.33,0.00,0.00,0.40,1.59,2.69,2.60,0.79,0.77,1.94,1.92,0.00,0.00,0.00,0.00,0.00,0.00,0.00,0.00,0.00,0.00,0.00,0.00,0.00,0.00,0.00,0.00,0.00,0.00,0.00,0.00,0.00,0.00,0.00,0.00,0.00,0.00,0.00,0.00,0.00,0.00,0.00,0.00,0.00,0.00,0.00,0.00,0.00,0.00,0.00,0.00,0.00,0.00,0.00,0.00,0.00,0.00,0.00,0.00,0.00,0.00,0.00,0.00,0.00,0.00,0.00,0.00,0.00,0.00,0.00,0.00,1.06,1.25,0.00,0.00,2.52,2.47,17.71,18.02,0.00,0.00,0.00,0.00,0.51,1.52,0.00,0.00,0.31,1.28,0.00,0.00,0.00,0.00,0.00,0.00,0.00,0.00,0.00,0.00,0.00,0.00,0.00,0.00,0.00,0.00,0.00,0.00,0.00,0.00,0.00,0.00,0.00,0.00,0.00,0.00,0.00,0.00,0.00,0.00,0.00,0.00,0.00,0.00,0.00,0.00,0.00,0.00,0.00,0.00,0.00,0.00,0.00,0.00,0.00,0.00,0.00,0.00,0.00,0.00,0.00,0.00,0.00,0.00,29.85,0.00,0.00,0.00,0.00,0.00,0.00,0.00,0.00,0.00,0.00,0.00,0.00,0.00,0.00,0.00,0.00,0.00,0.00,0.00,0.00,0.00,0.00,0.00,0.00,0.00,0.00,0.00,0.00,0.00,0.00,0.00,0.00,0.00,0.00,0.00,0.00,0.00,0.00,0.00,0.00,0.00,0.00,0.00,0.00,0.00,0.00,0.00,0.00,0.00,0.00,0.00,0.00,0.00,0.00,0.00,0.00,0.00,0.00,0.00,0.00,0.00,0.00,0.00,0.00,0.12,0.49,0.00,0.00,0.00,0.00,0.02,0.02,1.59,0.31,1.43,1.13,2.77,2.98,3.81,2.37,0.00,4.98,2.49,2.97,2.03,3.82,2.49,0.00,0.00,1.84,0.45,1.00,1.00,1.00,0.50,0.36,0.42,9.18,8.96,0.92,1.32,4.26,4.26,0.00,0.00,0.47,1.96,1.52,0.66,0.00,0.76,0.84,0.00,0.00,4.39,1.33,0.00,0.00,0.00,0.00,0.98,0.94,0.00,0.00,0.00,0.00,0.00,0.00,1.11,2.30,1.13,0.69,0.70,0.00,0.00,1.05,0.77,1.31,1.15,0.00,0.00,0.00,0.00,0.00,0.00,0.00,0.00,0.00,0.00,0.00
9350.5,-2.000,7.000,0.000,0.000,0.000,0,0,0.837,0,0.019,0.000,0.048,0.010,0.064,0.00,0.89,1.23,4.98,4.98,74.07,80.86,12.79,17.06,20.57,30.02,1.14,1.08,3.60,2.35,2.06,2.55,29.85,24.16,15.34,19.48,29.85,29.85,8.08,11.19,0.00,0.00,0.80,1.19,2.05,1.99,0.79,0.77,2.27,2.29,0.00,0.00,0.00,0.00,0.00,0.00,2.30,0.00,0.00,1.57,0.00,0.00,0.00,0.00,0.00,0.00,0.00,0.00,0.00,0.00,0.00,0.00,0.00,0.00,0.00,0.00,0.00,0.00,0.00,0.00,0.00,0.00,0.00,0.00,0.00,0.00,0.00,0.00,0.00,0.00,0.00,0.00,0.00,0.00,0.00,0.00,0.00,0.00,0.00,0.00,0.00,0.00,0.00,0.00,0.00,0.00,0.00,0.00,0.00,0.00,0.71,1.07,0.77,0.85,3.20,2.73,16.62,16.81,0.00,0.00,0.00,0.00,1.52,0.51,0.00,0.00,0.77,1.19,0.00,0.00,0.00,3.73,0.00,0.00,0.00,0.00,0.00,0.00,0.00,0.00,0.00,0.00,0.00,0.00,29.85,0.00,1.24,0.00,0.00,0.00,0.00,0.00,0.00,0.00,0.00,0.00,0.00,0.00,0.00,0.00,0.00,0.00,0.00,0.00,0.00,0.00,0.00,0.00,0.00,0.00,0.00,0.00,0.00,0.00,0.00,0.00,0.00,0.00,0.00,0.00,0.00,0.00,0.00,0.00,0.00,0.00,0.00,0.00,0.00,0.00,0.00,0.00,0.00,0.00,0.00,0.00,0.00,0.00,0.00,0.00,0.00,0.00,0.00,0.00,0.00,0.00,0.00,0.00,0.00,0.00,0.00,0.00,0.00,0.00,0.00,0.00,0.00,0.00,0.00,0.00,0.00,0.00,0.00,0.00,0.00,0.00,0.00,0.00,0.00,0.00,0.00,0.00,0.00,0.00,0.00,0.00,0.00,0.00,0.00,0.00,0.00,0.00,0.00,0.00,0.00,0.00,0.00,0.24,0.24,0.00,0.00,0.00,0.00,0.02,0.01,0.40,0.62,0.95,1.03,2.82,2.71,3.02,2.65,0.00,4.98,3.38,2.76,4.47,3.30,0.00,0.00,0.00,0.92,1.36,1.49,1.00,0.00,1.99,0.71,1.47,4.59,2.99,0.92,0.26,4.26,0.00,0.00,1.07,0.95,0.49,1.18,0.73,0.00,0.89,0.96,0.00,0.00,2.63,1.33,0.00,0.00,3.32,0.00,1.17,1.03,0.00,0.00,0.00,0.00,0.00,29.85,1.11,0.00,2.26,1.85,1.05,1.24,0.98,1.40,0.26,0.52,6.89,10.33,0.00,0.00,0.00,0.00,0.00,0.00,0.00,0.00,0.00,0.00
9450.5,-2.000,7.000,0.000,0.000,0.000,0,0,0.838,0,0.004,0.000,0.009,0.002,0.012,2.13,1.50,1.30,0.00,4.98,75.32,77.92,25.59,12.79,21.18,30.54,1.35,1.06,3.24,3.98,2.85,2.21,32.69,22.74,15.34,19.36,29.85,29.85,9.95,11.82,29.85,0.00,1.19,0.00,2.40,2.31,0.79,0.00,2.04,1.59,0.00,0.00,0.00,0.00,2.84,0.00,0.00,1.99,1.49,0.00,0.00,0.00,0.00,0.00,0.00,0.00,0.00,0.00,0.00,0.00,0.00,0.00,0.00,0.00,0.00,0.00,0.00,0.00,0.00,0.00,0.00,0.00,0.00,0.00,0.00,0.00,0.00,0.00,0.00,0.00,0.00,0.00,0.00,0.00,0.00,0.00,0.00,0.00,0.00,0.00,0.00,0.00,0.00,0.00,0.00,0.00,0.00,0.00,0.00,0.00,1.24,0.00,2.30,0.85,3.09,3.33,17.40,18.21,0.00,0.00,2.30,1.87,1.52,0.51,0.00,0.00,0.62,0.59,0.81,0.81,0.00,3.73,0.00,0.00,0.00,0.00,29.85,0.00,0.00,0.00,0.00,0.00,29.85,0.00,29.85,0.00,3.73,2.60,0.00,0.00,0.00,0.00,0.00,0.00,0.00,0.00,0.00,0.00,0.00,0.00,0.00,0.00,0.00,0.00,0.00,0.00,29.85,29.85,0.00,0.00,0.00,0.00,0.00,0.00,0.00,0.00,0.00,0.00,0.00,0.00,0.00,0.00,0.00,0.00,0.00,0.00,0.00,0.00,0.00,0.00,0.00,0.00,0.00,0.00,0.00,0.00,0.00,0.00,0.00,0.00,0.00,0.00,0.00,0.00,0.00,0.00,0.00,0.00,0.00,0.00,0.00,0.00,0.00,0.00,0.00,0.00,0.00,0.00,0.00,0.00,0.00,0.00,0.00,0.00,0.00,0.00,0.00,0.00,0.00,0.00,0.00,0.00,0.00,0.00,0.00,0.00,0.00,0.00,0.00,0.00,0.00,0.00,0.00,0.00,0.00,0.00,0.00,0.35,0.49,0.00,0.00,0.00,0.00,0.03,0.02,0.00,0.31,1.31,0.92,3.15,2.83,2.50,4.05,9.95,0.00,3.19,2.69,2.44,3.64,0.00,0.00,0.00,3.21,1.81,2.49,1.00,2.99,1.00,0.36,1.26,4.59,0.00,2.15,2.11,0.00,0.00,4.98,1.07,1.42,1.96,1.16,1.29,0.00,0.89,1.52,0.00,0.00,4.83,1.33,0.00,0.00,0.00,0.00,1.16,1.17,0.00,0.00,0.00,0.00,0.00,0.00,0.00,1.15,0.45,0.69,1.76,1.24,1.47,1.05,0.77,1.57,2.30,3.44,0.00,0.00,0.00,0.00,0.00,0.00,0.00,0.00,0.00,0.00
9550.5,-2.000,7.000,0.000,0.000,0.000,0,0,0.838,0,0.015,0.000,0.037,0.000,0.002,0.00,0.85,1.13,0.00,2.49,72.69,80.16,12.79,21.32,23.11,29.07,0.53,1.08,2.88,4.16,2.77,2.56,32.69,28.43,17.91,19.25,59.70,29.85,11.82,13.06,0.00,0.00,1.99,1.19,2.09,2.12,0.00,0.00,1.34,1.45,0.00,0.00,0.00,0.00,1.42,1.42,0.00,0.00,0.00,0.00,0.00,0.00,0.00,0.00,0.00,0.00,0.00,0.00,0.00,0.00,0.00,0.00,0.00,0.00,0.00,0.00,0.00,0.00,0.00,0.00,0.00,0.00,0.00,0.00,0.00,0.00,0.00,0.00,0.00,0.00,0.00,0.00,0.00,0.00,0.00,0.00,0.00,0.00,0.00,0.00,0.00,0.00,0.00,0.00,0.00,0.00,0.00,0.00,0.00,0.00,0.71,0.89,0.77,0.00,3.39,2.91,18.00,17.73,0.00,0.00,0.00,1.87,0.00,1.52,0.00,0.00,0.93,0.99,1.61,0.81,0.00,0.00,0.00,0.00,0.00,0.00,0.00,0.00,0.00,0.00,0.00,0.00,29.85,0.00,0.00,0.00,1.24,0.00,0.00,0.00,0.00,0.00,0.00,0.00,0.00,0.00,0.00,0.00,0.00,0.00,0.00,0.00,0.00,0.00,0.00,0.00,0.00,0.00,0.00,0.00,0.00,0.00,0.00,0.00,0.00,0.00,0.00,0.00,0.00,0.00,0.00,0.00,0.00,0.00,0.00,0.00,0.00,0.00,0.00,0.00,0.00,0.00,0.00,0.00,0.00,0.00,0.00,0.00,0.00,0.00,0.00,0.00,0.00,0.00,0.00,0.00,0.00,0.00,0.00,0.00,0.00,0.00,0.00,0.00,0.00,0.00,0.00,0.00,0.00,0.00,0.00,0.00,0.00,0.00,0.00,0.00,0.00,0.00,0.00,0.00,0.00,0.00,0.00,0.00,0.00,0.00,0.00,0.00,0.00,0.00,0.00,0.00,0.00,0.00,0.00,0.00,0.00,0.47,0.36,0.00,0.00,0.00,0.00,0.02,0.01,0.00,0.31,0.24,1.03,2.88,2.93,2.63,2.65,0.00,0.00,3.38,3.18,3.25,2.43,0.00,0.00,0.00,0.92,2.26,2.49,3.98,0.00,1.49,1.78,0.63,0.00,0.00,2.15,1.06,0.00,0.00,0.00,0.00,1.90,0.49,0.87,0.68,0.00,0.57,0.96,0.00,0.00,3.51,1.99,0.00,0.00,3.32,0.00,0.98,1.07,0.00,0.00,0.00,0.00,0.00,0.00,0.00,1.15,1.58,2.08,0.35,0.93,0.98,1.40,1.29,1.31,0.00,0.00,0.00,0.00,0.00,0.00,0.00,0.00,0.00,0.00,0.00,0.00
9650.5,-2.000,7.000,0.000,0.000,0.000,0,0,0.839,0,0.003,0.000,0.007,0.000,0.000,0.00,1.35,1.10,4.98,0.00,74.77,81.42,17.06,17.06,22.59,27.77,0.84,0.87,5.21,4.34,2.26,2.18,29.85,21.32,17.44,20.40,59.70,29.85,9.95,16.17,0.00,0.00,0.40,1.19,2.90,2.93,2.36,0.77,2.96,2.43,0.00,0.00,0.00,0.00,0.00,1.42,2.30,1.99,0.00,0.00,0.00,14.93,0.00,0.00,0.00,0.00,0.00,0.00,0.00,0.00,0.00,0.00,0.00,0.00,0.00,0.00,0.00,0.00,0.00,0.00,0.00,0.00,0.00,0.00,0.00,0.00,0.00,0.00,0.00,0.00,0.00,0.00,0.00,0.00,0.00,0.00,0.00,0.00,0.00,0.00,0.00,0.00,0.00,0.00,0.00,0.00,0.00,0.00,0.00,0.00,1.06,1.25,0.00,0.85,3.24,3.26,18.31,17.57,0.00,0.00,2.30,0.00,1.01,0.00,0.00,0.00,0.15,1.38,0.00,0.00,0.00,0.00,0.00,29.85,0.00,0.00,0.00,29.85,0.00,0.00,0.00,0.00,0.00,0.00,29.85,0.00,2.49,1.30,0.00,0.00,0.00,0.00,0.00,0.00,0.00,0.00,0.00,0.00,0.00,0.00,0.00,0.00,0.00,0.00,0.00,0.00,0.00,0.00,0.00,0.00,0.00,0.00,0.00,0.00,0.00,0.00,0.00,0.00,0.00,0.00,0.00,0.00,0.00,0.00,0.00,0.00,0.00,0.00,0.00,0.00,0.00,0.00,0.00,0.00,0.00,0.00,0.00,0.00,0.00,0.00,0.00,0.00,0.00,0.00,0.00,0.00,0.00,0.00,0.00,0.00,29.85,0.00,0.00,0.00,0.00,0.00,0.00,0.00,0.00,0.00,0.00,0.00,0.00,0.00,0.00,0.00,0.00,0.00,0.00,0.00,0.00,0.00,0.00,0.00,0.00,0.00,0.00,0.00,0.00,0.00,0.00,0.00,0.00,0.00,0.00,0.00,0.00,0.59,0.73,0.00,0.00,0.00,0.00,0.02,0.00,0.80,0.00,1.55,1.33,2.95,2.85,2.50,3.35,0.00,4.98,3.00,2.76,3.45,2.26,0.00,0.00,0.00,2.76,0.45,0.50,1.00,1.00,1.99,1.42,1.26,0.00,0.00,0.92,2.11,0.00,0.00,0.00,3.20,1.42,0.00,1.14,1.16,14.93,1.59,1.24,0.00,0.00,1.76,3.32,0.00,0.00,0.00,2.99,0.93,1.03,0.00,0.00,0.00,0.00,0.00,0.00,0.00,3.44,1.81,0.93,0.70,1.24,0.98,1.05,1.29,1.31,1.15,5.74,0.00,0.00,0.00,0.00,0.00,0.00,0.00,0.00,0.00,0.00
9750.5,-2.000,7.000,0.000,0.000,0.000,0,0,0.839,0,0.187,0.191,0.180,0.147,0.000,0.00,0.89,1.13,2.49,2.49,76.42,79.88,17.06,17.06,21.45,27.51,0.89,1.01,4.14,4.70,2.80,2.79,32.69,25.59,17.68,19.82,59.70,29.85,14.30,13.06,0.00,0.00,0.00,1.19,2.81,2.60,2.36,0.00,3.33,2.71,0.00,0.00,0.00,9.95,0.00,5.69,0.00,0.00,0.00,0.00,0.00,0.00,0.00,0.00,0.00,0.00,0.00,0.00,0.00,0.00,0.00,0.00,0.00,0.00,0.00,0.00,0.00,0.00,0.00,0.00,0.00,0.00,0.00,0.00,0.00,0.00,0.00,0.00,0.00,0.00,0.00,0.00,0.00,0.00,0.00,0.00,0.00,0.00,0.00,0.00,0.00,0.00,0.00,0.00,0.00,0.00,0.00,0.00,0.00,0.00,0.88,0.54,0.77,0.85,2.89,3.30,18.05,17.65,0.00,0.00,6.89,0.00,1.52,1.01,0.00,0.00,0.93,0.49,0.00,0.81,0.00,0.00,0.00,0.00,0.00,0.00,0.00,0.00,0.00,29.85,0.00,0.00,29.85,29.85,29.85,29.85,0.00,2.60,0.00,0.00,0.00,0.00,0.00,0.00,0.00,0.00,0.00,0.00,0.00,0.00,0.00,0.00,0.00,0.00,0.00,0.00,0.00,0.00,0.00,0.00,0.00,0.00,0.00,0.00,0.00,0.00,0.00,0.00,0.00,0.00,0.00,0.00,0.00,0.00,0.00,0.00,0.00,0.00,0.00,0.00,0.00,0.00,0.00,0.00,0.00,0.00,0.00,0.00,0.00,0.00,0.00,0.00,0.00,0.00,0.00,0.00,0.00,0.00,0.00,0.00,0.00,0.00,0.00,0.00,0.00,0.00,0.00,0.00,0.00,0.00,0.00,0.00,0.00,0.00,0.00,0.00,0.00,0.00,0.00,0.00,0.00,0.00,0.00,0.00,0.00,0.00,0.00,0.00,0.00,0.00,0.00,0.00,0.00,0.00,0.00,0.00,0.00,0.47,0.49,0.00,0.00,0.00,0.00,0.02,0.02,0.40,0.31,1.66,0.92,3.19,2.88,2.89,3.21,4.98,0.00,2.17,3.32,4.67,3.47,0.00,2.30,0.00,2.30,1.81,4.48,2.99,4.98,6.97,1.07,0.84,6.89,20.90,0.62,0.79,0.00,0.00,0.00,2.13,0.47,2.45,1.04,1.54,0.00,1.08,1.18,0.00,0.00,3.07,3.32,0.00,0.00,3.32,0.00,1.07,1.00,0.00,0.00,0.00,0.00,0.00,0.00,5.53,1.15,0.90,1.16,2.81,1.87,3.91,3.16,0.26,1.57,6.89,2.30,0.00,0.00,0.00,0.00,0.00,0.00,0.00,0.00,0.00,0.00
9850.5,-2.000,7.000,0.000,0.000,0.000,0,0,0.839,0,0.035,0.036,0.034,0.028,0.000,0.00,1.25,0.90,4.98,4.98,75.46,79.46,21.32,12.79,22.67,28.55,0.95,0.95,3.78,2.89,2.96,1.59,39.80,27.01,18.96,19.25,29.85,0.00,11.82,6.84,0.00,0.00,0.80,0.40,2.22,2.23,0.79,0.00,1.62,1.64,0.00,0.00,0.00,0.00,5.69,0.00,2.30,0.00,2.99,0.00,0.00,0.00,0.00,0.00,0.00,0.00,0.00,0.00,0.00,0.00,0.00,0.00,0.00,0.00,0.00,0.00,0.00,0.00,0.00,0.00,0.00,0.00,0.00,0.00,0.00,0.00,0.00,0.00,0.00,0.00,0.00,0.00,0.00,0.00,0.00,0.00,0.00,0.00,0.00,0.00,0.01,0.01,0.00,0.00,0.00,0.00,0.00,0.00,0.00,0.00,1.41,0.89,0.00,0.85,2.69,3.65,17.43,18.39,0.00,0.00,0.00,1.87,0.51,1.01,0.00,0.00,1.08,0.59,1.61,0.00,0.00,0.00,0.00,0.00,0.00,0.00,0.00,0.00,0.00,0.00,0.00,0.00,0.00,0.00,29.85,0.00,0.00,0.00,0.00,0.00,0.00,0.00,0.00,0.00,0.00,0.00,0.00,0.00,0.00,0.00,0.00,0.00,0.00,0.00,0.00,0.00,0.00,0.00,0.00,0.00,0.00,0.00,0.00,0.00,0.00,0.00,0.00,0.00,0.00,0.00,0.00,0.00,0.00,0.00,0.00,0.00,0.00,0.00,0.00,0.00,0.00,0.00,0.00,0.00,0.00,0.00,0.00,0.00,0.00,0.00,0.00,0.00,0.00,0.00,0.00,0.00,0.00,0.00,0.00,0.00,0.00,0.00,0.00,0.00,0.00,0.00,0.00,0.00,0.00,0.00,0.00,0.00,0.00,0.00,0.00,0.00,0.00,0.00,0.00,0.00,0.00,0.00,0.00,0.00,0.00,0.00,0.00,0.00,0.00,0.00,0.00,0.00,0.00,0.00,0.00,0.00,0.00,0.59,0.61,0.00,0.00,0.00,0.00,0.02,0.00,0.00,0.92,1.43,1.44,2.68,2.93,1.71,1.95,4.98,0.00,3.00,2.63,2.64,2.95,2.49,0.00,0.00,4.59,0.00,1.00,0.50,0.50,0.00,1.42,0.63,0.00,0.00,2.46,1.85,0.00,0.00,0.00,1.07,0.00,0.00,0.76,0.54,0.00,0.89,0.90,0.00,0.00,3.51,2.65,0.00,0.00,0.00,0.00,1.20,0.92,0.00,0.00,0.00,0.00,0.00,0.00,1.11,1.15,1.36,0.69,0.70,0.93,0.00,1.05,0.77,0.79,1.15,2.30,0.00,0.00,0.00,0.00,0.00,0.00,0.00,0.00,0.00,0.00
9950.5,-2.000,7.000,0.000,0.000,0.000,0,0,0.840,0,0.031,0.007,0.068,0.005,0.000,0.00,1.57,1.33,2.49,2.49,74.35,81.14,17.06,8.53,22.32,30.54,0.93,1.33,2.88,2.89,2.53,2.60,35.54,19.90,17.33,19.36,59.70,29.85,10.57,13.68,0.00,0.00,1.19,0.40,2.23,2.19,2.36,0.77,2.18,1.73,0.00,0.00,0.00,0.00,1.42,2.84,0.00,0.00,0.00,0.00,0.00,0.00,0.00,0.00,0.00,0.00,0.00,0.00,0.00,0.00,0.00,0.00,0.00,0.00,0.00,0.00,0.00,0.00,0.00,0.00,0.00,0.00,0.00,0.00,0.00,0.00,0.00,0.00,0.00,0.00,0.00,0.00,0.00,0.00,0.00,0.00,0.00,0.00,0.00,0.00,0.00,0.00,0.00,0.00,0.00,0.00,0.00,0.00,0.00,0.00,0.88,1.79,0.00,0.85,2.47,2.38,18.13,17.70,0.00,0.00,2.30,0.00,0.51,1.01,0.00,0.00,1.24,0.79,0.81,1.61,0.00,3.73,0.00,29.85,0.00,0.00,0.00,0.00,0.00,0.00,0.00,0.00,29.85,29.85,0.00,0.00,0.00,0.00,0.00,0.00,0.00,0.00,0.00,0.00,0.00,0.00,0.00,0.00,0.00,0.00,0.00,0.00,0.00,0.00,0.00,0.00,0.00,0.00,0.00,0.00,0.00,0.00,0.00,0.00,0.00,0.00,0.00,0.00,0.00,0.00,0.00,29.85,0.00,0.00,0.00,0.00,0.00,0.00,0.00,0.00,0.00,0.00,0.00,0.00,0.00,0.00,0.00,0.00,0.00,0.00,0.00,0.00,0.00,0.00,0.00,0.00,0.00,0.00,0.00,0.00,0.00,0.00,0.00,0.00,0.00,0.00,0.00,0.00,0.00,0.00,0.00,0.00,0.00,0.00,0.00,0.00,0.00,0.00,0.00,0.00,0.00,0.00,0.00,0.00,0.00,0.00,0.00,0.00,0.00,0.00,0.00,0.00,0.00,0.00,0.00,0.00,0.00,0.35,0.49,0.00,0.00,0.00,0.00,0.02,0.01,0.00,0.31,1.55,1.03,2.88,2.69,2.63,3.63,0.00,0.00,3.00,2.76,3.45,2.95,4.98,2.30,0.00,3.67,1.36,3.48,1.99,7.46,2.99,0.71,0.84,4.59,2.99,0.31,1.06,4.26,4.26,0.00,3.20,0.47,1.96,1.31,0.91,0.00,0.64,0.62,0.00,0.00,4.39,1.99,0.00,4.26,0.00,0.00,1.16,1.03,0.00,0.00,0.00,0.00,0.00,0.00,0.00,2.30,0.90,2.31,1.05,2.80,2.45,0.35,0.77,0.79,4.59,5.74,0.00,0.00,0.00,0.00,0.00,0.00,0.00,0.00,0.00,0.00
10050.5,-2.000,7.000,0.000,0.000,0.000,0,0,0.840,0,0.006,0.001,0.013,0.001,0.000,0.00,1.03,1.06,9.95,4.98,74.35,80.30,12.79,8.53,23.11,26.47,0.84,1.14,5.04,4.70,3.07,2.23,35.54,22.74,18.38,19.48,59.70,59.70,11.19,9.95,0.00,0.00,0.80,0.80,2.32,2.40,0.00,0.00,1.39,2.34,0.00,0.00,0.00,0.00,0.00,2.84,0.00,0.00,0.00,1.57,14.93,0.00,0.00,0.00,0.00,0.00,0.00,0.00,0.00,0.00,0.00,0.00,0.00,0.00,0.00,0.00,0.00,0.00,0.00,0.00,0.00,0.00,0.00,0.00,0.00,0.00,0.00,0.00,0.00,0.00,0.00,0.00,0.00,0.00,0.00,0.00,0.00,0.00,0.00,0.00,0.00,0.00,0.00,0.00,0.00,0.00,0.00,0.00,0.00,0.00,1.06,1.07,3.06,0.00,3.50,2.84,17.11,17.94,0.00,0.00,2.30,1.87,1.52,1.52,0.00,0.00,1.08,0.79,0.00,0.81,0.00,0.00,0.00,29.85,0.00,0.00,0.00,0.00,0.00,0.00,0.00,0.00,0.00,29.85,29.85,0.00,0.00,1.30,0.00,0.00,0.00,0.00,0.00,0.00,0.00,0.00,0.00,0.00,0.00,0.00,0.00,0.00,0.00,0.00,0.00,0.00,0.00,0.00,0.00,0.00,0.00,0.00,0.00,0.00,0.00,0.00,0.00,0.00,0.00,0.00,0.00,0.00,0.00,0.00,0.00,0.00,0.00,0.00,0.00,0.00,0.00,0.00,0.00,0.00,0.00,0.00,0.00,0.00,0.00,0.00,0.00,0.00,0.00,0.00,0.00,0.00,0.00,0.00,0.00,0.00,0.00,0.00,0.00,0.00,0.00,0.00,0.00,0.00,0.00,0.00,0.00,0.00,0.00,0.00,0.00,0.00,0.00,0.00,0.00,0.00,0.00,0.00,0.00,0.00,0.00,0.00,0.00,0.00,0.00,0.00,0.00,0.00,0.00,0.00,0.00,0.00,0.00,0.71,0.36,0.00,0.00,0.00,0.00,0.02,0.01,0.40,0.00,0.71,1.23,2.71,3.06,2.63,1.95,0.00,0.00,2.68,2.97,3.05,3.64,0.00,0.00,0.00,0.92,0.00,0.00,2.99,0.00,0.50,0.71,0.63,0.00,0.00,0.92,1.06,0.00,0.00,0.00,0.00,0.00,0.49,0.84,0.95,0.00,0.76,1.24,0.00,0.00,1.76,5.31,0.00,0.00,0.00,0.00,0.78,1.09,0.00,0.00,0.00,0.00,0.00,0.00,1.11,4.59,0.68,0.46,0.70,1.87,0.49,0.35,0.77,1.31,1.15,3.44,0.00,0.00,0.00,0.00,0.00,0.00,0.00,0.00,0.00,0.00
10150.5,-2.000,7.000,0.000,0.000,0.000,0,0,0.841,0,0.201,0.217,0.177,0.152,0.201,2.13,1.14,1.06,2.49,4.98,75.04,80.58,17.06,12.79,22.23,26.64,0.87,1.01,2.52,3.08,2.26,1.85,34.12,24.16,15.69,19.02,29.85,0.00,7.46,9.95,0.00,0.00,0.40,0.80,2.12,2.22,0.79,0.00,1.85,1.31,0.00,0.00,0.00,0.00,1.42,0.00,0.00,0.00,0.00,0.00,0.00,0.00,0.00,0.00,0.00,0.00,0.00,0.00,0.00,0.00,0.00,0.00,0.00,0.00,0.00,0.00,0.00,0.00,0.00,0.00,0.00,0.00,0.00,0.00,0.00,0.00,0.00,0.00,0.00,0.00,0.00,0.00,0.00,0.00,0.00,0.00,0.00,0.00,0.00,0.00,0.00,0.00,0.00,0.00,0.00,0.00,0.00,0.00,0.00,0.00,1.24,1.25,0.77,1.71,2.85,2.43,17.01,18.55,0.00,14.93,0.00,0.00,0.51,1.01,0.00,0.00,1.08,0.99,0.81,1.61,0.00,0.00,0.00,0.00,0.00,0.00,0.00,0.00,0.00,0.00,29.85,0.00,0.00,0.00,0.00,0.00,0.00,0.00,0.00,0.00,0.00,0.00,0.00,0.00,0.00,0.00,0.00,0.00,0.00,0.00,0.00,0.00,0.00,0.00,0.00,0.00,0.00,0.00,0.00,0.00,0.00,0.00,0.00,0.00,0.00,0.00,0.00,0.00,0.00,0.00,0.00,0.00,0.00,0.00,0.00,0.00,0.00,0.00,0.00,0.00,0.00,0.00,0.00,0.00,0.00,0.00,0.00,29.85,14.93,0.00,0.00,0.00,0.00,0.00,0.00,0.00,0.00,0.00,0.00,0.00,0.00,0.00,0.00,0.00,0.00,0.00,0.00,0.00,0.00,0.00,0.00,0.00,0.00,0.00,0.00,0.00,0.00,0.00,0.00,0.00,0.00,0.00,0.00,0.00,0.00,0.00,0.00,0.00,0.00,0.00,0.00,0.00,0.00,0.00,0.00,0.00,0.00,0.24,0.36,0.00,0.00,0.00,0.00,0.02,0.05,0.80,0.62,0.83,0.82,3.03,2.79,3.16,2.51,0.00,0.00,3.32,3.32,2.84,4.17,0.00,0.00,0.00,0.92,0.00,0.00,2.99,0.50,0.00,0.36,0.84,0.00,0.00,0.31,1.32,0.00,0.00,0.00,2.13,0.47,0.98,0.95,0.66,0.00,0.38,0.96,0.00,0.00,4.39,1.33,3.73,0.00,0.00,0.00,1.07,1.16,0.00,0.00,0.00,0.00,0.00,0.00,1.11,1.15,0.90,0.69,1.76,1.87,0.98,0.70,1.54,0.52,4.59,3.44,0.00,0.00,0.00,0.00,0.00,0.00,0.00,0.00,0.00,0.00
10250.5,-2.000,7.000,0.000,0.000,0.000,0,0,0.841,0,0.066,0.041,0.104,0.029,0.038,0.00,1.14,1.56,0.00,2.49,75.46,79.04,8.53,8.53,21.80,28.20,0.61,0.63,3.42,2.17,3.04,1.28,34.12,28.43,17.09,18.44,59.70,0.00,13.06,6.84,0.00,0.00,1.99,1.19,2.27,2.35,0.00,0.00,2.04,2.01,0.00,0.00,0.00,0.00,2.84,1.42,0.00,1.99,2.99,3.14,0.00,0.00,0.00,0.00,0.00,0.00,0.00,0.00,0.00,0.00,0.00,0.00,0.00,0.00,0.00,0.00,0.00,0.00,0.00,0.00,0.00,0.00,0.00,0.00,0.00,0.00,0.00,0.00,0.00,0.00,0.00,0.00,0.00,0.00,0.00,0.00,0.00,0.00,0.00,0.00,0.00,0.00,0.00,0.00,0.00,0.00,0.00,0.00,0.00,0.00,1.77,0.89,0.00,0.85,2.98,3.07,17.87,16.68,0.00,0.00,2.30,0.00,0.00,0.00,0.00,0.00,0.77,0.79,3.23,1.61,0.00,0.00,0.00,29.85,0.00,0.00,0.00,0.00,0.00,0.00,0.00,0.00,0.00,29.85,29.85,0.00,0.00,0.00,0.00,0.00,0.00,0.00,0.00,0.00,0.00,0.00,0.00,0.00,0.00,0.00,0.00,0.00,0.00,0.00,0.00,0.00,0.00,0.00,0.00,0.00,0.00,0.00,0.00,0.00,0.00,0.00,0.00,0.00,0.00,0.00,0.00,0.00,0.00,0.00,0.00,0.00,0.00,0.00,0.00,0.00,0.00,0.00,0.00,0.00,0.00,0.00,0.00,29.85,0.00,0.00,0.00,0.00,0.00,0.00,0.00,0.00,0.00,0.00,0.00,0.00,0.00,0.00,0.00,0.00,0.00,0.00,0.00,0.00,0.00,0.00,0.00,0.00,0.00,0.00,0.00,0.00,0.00,0.00,0.00,0.00,0.00,0.00,0.00,0.00,0.00,0.00,0.00,0.00,0.00,0.00,0.00,0.00,0.00,0.00,0.00,0.00,0.00,0.59,0.36,0.00,0.00,0.00,0.00,0.02,0.00,1.19,1.23,1.31,0.82,3.13,2.79,2.63,3.35,0.00,9.95,3.06,2.76,2.84,3.12,0.00,0.00,0.00,2.30,1.81,2.99,1.00,1.99,9.95,1.07,1.05,0.00,2.99,0.62,1.06,0.00,0.00,4.98,0.00,0.00,2.45,1.67,1.54,0.00,1.02,0.73,29.85,14.93,3.07,3.98,0.00,0.00,3.32,0.00,1.27,1.45,0.00,0.00,0.00,0.00,0.00,0.00,1.11,3.44,1.81,1.39,2.11,1.24,2.94,1.76,0.26,1.31,4.59,11.48,29.85,29.85,29.85,29.85,0.00,0.00,0.00,0.00,0.00,0.00
10350.5,-2.000,7.000,0.000,0.000,0.000,0,0,0.841,0,0.022,0.008,0.043,0.005,0.054,0.00,1.53,1.73,2.49,0.00,77.81,81.42,17.06,12.79,22.85,27.59,1.03,1.01,2.34,2.71,2.61,1.95,35.54,24.16,18.73,20.75,29.85,59.70,9.33,12.44,0.00,0.00,0.40,2.79,2.69,2.88,3.14,0.00,2.87,4.02,0.00,0.00,0.00,0.00,1.42,0.00,4.59,1.99,1.49,0.00,0.00,0.00,0.00,0.00,0.00,0.00,0.00,0.00,0.00,0.00,0.00,0.00,0.00,0.00,0.00,0.00,0.00,0.00,0.00,0.00,0.00,0.00,0.00,0.00,0.00,0.00,0.00,0.00,0.00,0.00,0.00,0.00,0.00,0.00,0.00,0.00,0.00,0.00,0.00,0.00,0.01,0.01,0.00,0.00,0.00,0.00,0.00,0.00,0.00,0.00,0.53,0.89,0.00,1.71,2.58,2.82,18.31,17.94,0.00,0.00,4.59,0.00,1.01,0.51,0.00,0.00,0.77,0.99,0.81,0.81,0.00,0.00,0.00,29.85,9.95,0.00,0.00,29.85,0.00,0.00,0.00,0.00,0.00,29.85,29.85,0.00,0.00,0.00,0.00,0.00,0.00,0.00,0.00,0.00,0.00,0.00,0.00,0.00,0.00,0.00,0.00,0.00,0.00,0.00,0.00,0.00,0.00,0.00,0.00,0.00,0.00,0.00,0.00,0.00,0.00,0.00,0.00,0.00,0.00,0.00,0.00,0.00,0.00,0.00,0.00,0.00,0.00,0.00,0.00,0.00,0.00,0.00,0.00,0.00,0.00,0.00,0.00,0.00,0.00,0.00,0.00,0.00,0.00,0.00,0.00,0.00,0.00,0.00,0.00,29.85,0.00,0.00,0.00,0.00,0.00,0.00,0.00,0.00,0.00,0.00,0.00,0.00,0.00,0.00,0.00,0.00,0.00,0.00,0.00,0.00,0.00,0.00,0.00,0.00,0.00,0.00,0.00,0.00,0.00,0.00,0.00,0.00,0.00,0.00,0.00,0.00,0.00,0.71,0.97,0.00,0.00,0.00,0.00,0.02,0.00,0.40,0.62,0.83,1.85,3.09,2.88,2.50,2.93,0.00,0.00,2.87,2.83,2.64,3.64,0.00,0.00,0.00,0.46,2.71,1.49,5.47,1.49,5.47,2.13,0.63,4.59,5.97,1.54,0.79,0.00,0.00,0.00,0.00,0.47,2.45,1.27,1.72,0.00,0.95,0.68,0.00,0.00,2.63,1.99,3.73,0.00,0.00,0.00,1.12,1.39,0.00,0.00,0.00,0.00,0.00,0.00,2.21,2.30,3.17,1.62,0.70,1.55,0.49,1.05,1.29,1.57,5.74,6.89,0.00,0.00,0.00,0.00,0.00,0.00,0.00,0.00,0.00,0.00
10450.5,-2.000,7.000,0.000,0.000,0.000,0,0,0.842,0,0.013,0.001,0.031,0.001,0.010,0.00,1.21,1.46,7.46,4.98,75.46,81.42,12.79,12.79,22.15,28.29,1.10,1.08,1.80,2.35,2.52,1.44,34.12,25.59,16.74,19.25,29.85,0.00,10.57,9.33,0.00,0.00,0.80,1.59,2.22,2.37,0.79,0.00,2.36,2.39,0.00,0.00,0.00,0.00,1.42,1.42,0.00,0.00,0.00,0.00,0.00,0.00,0.00,0.00,0.00,0.00,0.00,0.00,0.00,0.00,0.00,0.00,0.00,0.00,0.00,0.00,0.00,0.00,0.00,0.00,0.00,0.00,0.00,0.00,0.00,0.00,0.00,0.00,0.00,0.00,0.00,0.00,0.00,0.00,0.00,0.00,0.00,0.00,0.00,0.00,0.00,0.00,0.00,0.00,0.00,0.00,0.00,0.00,0.00,0.00,1.59,0.71,0.77,0.00,3.24,3.00,17.32,17.31,7.46,0.00,0.00,0.00,0.51,1.01,0.00,0.00,0.93,0.89,0.00,1.61,0.00,0.00,0.00,29.85,0.00,0.00,0.00,0.00,0.00,0.00,0.00,0.00,0.00,0.00,0.00,0.00,3.73,1.30,0.00,0.00,0.00,0.00,0.00,0.00,0.00,0.00,0.00,0.00,0.00,0.00,0.00,0.00,0.00,0.00,0.00,0.00,0.00,0.00,0.00,0.00,0.00,0.00,0.00,0.00,0.00,0.00,0.00,0.00,0.00,0.00,0.00,0.00,0.00,0.00,0.00,0.00,0.00,0.00,0.00,0.00,0.00,0.00,0.00,0.00,0.00,0.00,0.00,0.00,0.00,0.00,0.00,0.00,0.00,0.00,0.00,0.00,0.00,0.00,0.00,0.00,0.00,0.00,0.00,0.00,0.00,0.00,0.00,0.00,0.00,0.00,0.00,0.00,0.00,0.00,0.00,0.00,0.00,0.00,0.00,0.00,0.00,0.00,0.00,0.00,0.00,0.00,0.00,0.00,0.00,0.00,0.00,0.00,0.00,0.00,0.00,0.00,0.00,0.24,0.49,0.00,0.00,0.00,0.00,0.03,0.02,0.40,0.92,0.95,1.23,2.61,2.84,3.29,2.79,0.00,0.00,3.06,2.14,3.05,3.12,0.00,0.00,0.00,0.92,0.45,2.49,1.00,1.49,0.50,0.71,1.68,4.59,5.97,0.92,1.06,0.00,0.00,0.00,2.13,0.47,0.98,0.82,0.91,0.00,0.83,0.79,0.00,0.00,2.19,3.98,3.73,0.00,0.00,0.00,0.88,0.86,0.00,0.00,0.00,0.00,0.00,0.00,0.00,1.15,1.36,1.39,2.11,1.55,0.00,0.35,1.03,1.05,2.30,2.30,0.00,0.00,0.00,0.00,0.00,0.00,0.00,0.00,0.00,0.00
10550.5,-2.000,7.000,0.000,0.000,0.000,0,0,0.842,0,0.019,0.000,0.047,0.000,0.002,0.00,1.35,1.23,2.49,2.49,73.11,79.74,8.53,8.53,22.06,29.76,0.70,1.06,3.06,4.16,1.63,2.48,32.69,28.43,15.45,19.71,29.85,29.85,10.57,11.19,0.00,29.85,0.80,1.19,2.35,2.60,3.14,0.00,2.31,3.32,0.00,0.00,0.00,0.00,0.00,0.00,0.00,0.00,0.00,0.00,0.00,0.00,0.00,0.00,0.00,0.00,0.00,0.00,0.00,0.00,0.00,0.00,0.00,0.00,0.00,0.00,0.00,0.00,0.00,0.00,0.00,0.00,0.00,0.00,0.00,0.00,0.00,0.00,0.00,0.00,0.00,0.00,0.00,0.00,0.00,0.00,0.00,0.00,0.00,0.00,0.00,0.00,0.00,0.00,0.00,0.00,0.00,0.00,0.00,0.00,0.88,0.71,0.00,1.71,2.78,2.80,16.64,17.18,7.46,0.00,0.00,0.00,0.51,0.51,0.00,0.00,1.39,0.79,0.81,0.00,0.00,0.00,0.00,0.00,0.00,0.00,0.00,0.00,0.00,0.00,0.00,0.00,0.00,0.00,29.85,0.00,0.00,2.60,0.00,0.00,0.00,0.00,0.00,0.00,0.00,0.00,0.00,0.00,0.00,0.00,0.00,0.00,0.00,0.00,0.00,0.00,29.85,14.93,0.00,0.00,0.00,0.00,0.00,0.00,0.00,0.00,0.00,0.00,0.00,0.00,0.00,0.00,0.00,0.00,0.00,0.00,0.00,0.00,29.85,0.00,0.00,0.00,0.00,0.00,0.00,0.00,0.00,0.00,0.00,0.00,0.00,0.00,0.00,0.00,0.00,0.00,0.00,0.00,0.00,0.00,0.00,0.00,0.00,0.00,0.00,0.00,0.00,0.00,0.00,0.00,0.00,0.00,0.00,0.00,0.00,0.00,0.00,0.00,0.00,0.00,0.00,0.00,0.00,0.00,0.00,0.00,0.00,0.00,0.00,0.00,0.00,0.00,0.00,0.00,0.00,0.00,0.00,0.59,0.61,0.00,0.00,0.00,0.00,0.01,0.02,0.40,0.00,1.66,1.33,3.03,2.83,2.76,2.79,0.00,0.00,2.74,2.69,3.45,2.60,0.00,0.00,0.00,3.67,2.71,0.00,0.00,0.00,0.00,0.36,0.84,0.00,0.00,0.31,0.26,4.26,4.26,0.00,0.00,0.95,0.98,1.16,1.00,0.00,0.83,0.68,0.00,0.00,3.51,4.64,3.73,4.26,0.00,0.00,0.96,1.06,0.00,0.00,0.00,0.00,0.00,0.00,0.00,2.30,0.90,0.69,1.05,1.55,0.00,1.40,1.54,1.31,5.74,5.74,0.00,0.00,0.00,0.00,0.00,0.00,0.00,0.00,0.00,0.00
10650.5,-2.000,7.000,0.000,0.000,0.000,0,0,0.843,0,0.004,0.000,0.009,0.000,0.000,0.00,1.28,0.93,4.98,4.98,75.46,78.06,17.06,8.53,23.72,29.68,0.95,0.95,3.96,3.98,2.73,2.56,34.12,19.90,18.61,17.75,29.85,59.70,8.71,12.44,0.00,0.00,0.00,0.40,2.86,2.76,0.79,0.77,2.55,3.23,0.00,0.00,0.00,0.00,1.42,0.00,2.30,1.99,0.00,0.00,0.00,0.00,0.00,0.00,0.00,0.00,0.00,0.00,0.00,0.00,0.00,0.00,0.00,0.00,0.00,0.00,0.00,0.00,0.00,0.00,0.00,0.00,0.00,0.00,0.00,0.00,0.00,0.00,0.00,0.00,0.00,0.00,0.00,0.00,0.00,0.00,0.00,0.00,0.00,0.00,0.00,0.00,0.00,0.00,0.00,0.00,0.00,0.00,0.00,0.00,0.53,0.89,2.30,1.71,2.78,2.82,17.50,16.86,7.46,0.00,0.00,0.00,1.01,3.04,0.00,0.00,0.93,1.28,0.81,2.42,0.00,0.00,0.00,0.00,0.00,0.00,0.00,29.85,0.00,0.00,0.00,0.00,0.00,0.00,0.00,0.00,1.24,0.00,0.00,0.00,0.00,0.00,0.00,0.00,0.00,0.00,0.00,0.00,0.00,0.00,0.00,0.00,0.00,0.00,0.00,0.00,0.00,0.00,0.00,14.93,0.00,0.00,0.00,0.00,0.00,0.00,0.00,0.00,0.00,0.00,0.00,0.00,0.00,0.00,0.00,0.00,0.00,0.00,0.00,0.00,0.00,0.00,0.00,0.00,0.00,0.00,0.00,0.00,0.00,0.00,0.00,0.00,0.00,0.00,0.00,0.00,0.00,0.00,0.00,0.00,0.00,0.00,0.00,0.00,0.00,0.00,0.00,0.00,0.00,0.00,0.00,0.00,0.00,0.00,0.00,0.00,0.00,0.00,0.00,0.00,0.00,0.00,0.00,0.00,0.00,0.00,0.00,0.00,0.00,0.00,0.00,0.00,0.00,0.00,0.00,0.00,0.00,0.35,0.24,0.00,0.00,0.00,0.00,0.01,0.00,0.40,0.00,0.83,1.85,3.08,3.10,3.02,2.79,0.00,0.00,2.87,3.52,2.23,3.12,0.00,2.30,0.00,0.92,0.00,1.00,1.49,0.50,1.00,1.42,1.47,0.00,5.97,0.31,0.53,0.00,0.00,0.00,0.00,0.47,1.47,1.20,0.91,0.00,0.44,0.79,0.00,0.00,2.63,1.33,0.00,0.00,0.00,2.99,1.02,1.00,0.00,0.00,0.00,0.00,0.00,0.00,0.00,2.30,1.13,1.62,1.76,1.87,2.94,1.40,1.29,1.05,1.15,4.59,0.00,0.00,0.00,0.00,0.00,0.00,0.00,0.00,0.00,0.00
10750.5,-2.000,7.000,0.000,0.000,0.000,0,0,0.843,0,0.001,0.000,0.002,0.047,0.603,0.00,1.18,1.03,7.46,4.98,71.31,79.74,8.53,12.79,22.94,31.15,1.01,0.89,4.86,3.08,1.98,2.30,32.69,28.43,17.33,19.59,0.00,29.85,11.19,9.95,0.00,0.00,1.19,0.00,2.71,2.51,0.00,0.00,3.24,2.57,0.00,0.00,0.00,0.00,2.84,1.42,0.00,1.99,0.00,1.57,0.00,0.00,0.00,0.00,0.00,0.00,0.00,0.00,0.00,0.00,0.00,0.00,0.00,0.00,0.00,0.00,0.00,0.00,0.00,0.00,0.00,0.00,0.00,0.00,0.00,0.00,0.00,0.00,0.00,0.00,0.00,0.00,0.00,0.00,0.00,0.00,0.00,0.00,0.00,0.00,0.01,0.01,0.00,0.00,0.00,0.00,0.00,0.00,0.00,0.00,0.88,1.79,2.30,1.71,3.09,2.98,16.80,18.79,0.00,0.00,0.00,0.00,1.52,1.52,0.00,0.00,1.08,0.59,1.61,0.81,0.00,0.00,0.00,0.00,0.00,0.00,0.00,0.00,0.00,0.00,0.00,0.00,0.00,0.00,29.85,29.85,2.49,1.30,0.00,0.00,0.00,0.00,0.00,0.00,0.00,0.00,0.00,0.00,0.00,0.00,0.00,0.00,0.00,0.00,0.00,0.00,0.00,0.00,0.00,0.00,89.55,89.55,29.85,0.00,14.93,14.93,0.00,0.00,0.00,0.00,0.00,0.00,0.00,0.00,0.00,0.00,0.00,0.00,0.00,0.00,0.00,0.00,0.00,0.00,0.00,0.00,0.00,0.00,0.00,0.00,0.00,0.00,0.00,0.00,0.00,0.00,0.00,0.00,0.00,0.00,0.00,0.00,0.00,0.00,0.00,0.00,0.00,0.00,0.00,0.00,0.00,0.00,0.00,0.00,0.00,0.00,0.00,0.00,0.00,0.00,0.00,0.00,0.00,0.00,0.00,0.00,0.00,0.00,0.00,0.00,0.00,0.00,0.00,0.00,0.00,0.00,0.00,0.83,0.61,0.00,1.87,0.00,0.00,0.02,0.01,0.80,1.85,0.83,1.33,2.96,3.13,2.63,3.63,0.00,0.00,3.76,2.90,1.62,3.12,0.00,0.00,0.00,5.51,1.36,3.48,0.50,5.97,1.00,2.13,1.05,4.59,0.00,0.31,0.79,0.00,0.00,0.00,2.13,0.00,0.98,1.22,0.91,0.00,1.08,1.63,0.00,0.00,3.51,1.99,0.00,0.00,6.63,5.97,0.95,1.01,0.00,0.00,0.00,0.00,0.00,0.00,1.11,3.44,1.58,1.62,0.35,0.31,1.96,1.05,1.29,2.36,2.30,5.74,0.00,0.00,0.00,0.00,0.00,0.00,0.00,0.00,0.00,0.00
10850.5,-2.000,7.000,0.000,0.000,0.000,0,0,0.843,0,0.170,0.142,0.213,0.009,0.114,0.00,1.07,1.30,2.49,4.98,73.11,81.56,12.79,12.79,21.27,29.76,0.97,0.87,2.88,4.16,1.78,2.31,31.27,25.59,16.15,19.71,0.00,29.85,9.33,10.57,0.00,0.00,2.39,0.80,2.07,2.03,0.00,0.77,1.71,2.11,0.00,0.00,0.00,0.00,0.00,0.00,0.00,1.99,0.00,0.00,0.00,0.00,0.00,0.00,0.00,0.00,0.00,0.00,0.00,0.00,0.00,0.00,0.00,0.00,0.00,0.00,0.00,0.00,0.00,0.00,0.00,0.00,0.00,0.00,0.00,0.00,0.00,0.00,0.00,0.00,0.00,0.00,0.00,0.00,0.00,0.00,0.00,0.00,0.00,0.00,0.00,0.00,0.00,0.00,0.00,0.00,0.00,0.00,0.00,0.00,1.41,0.54,0.77,0.85,2.93,2.59,16.77,19.13,0.00,14.93,0.00,0.00,0.51,0.00,0.00,0.00,0.31,0.79,2.42,1.61,0.00,3.73,0.00,0.00,0.00,0.00,0.00,0.00,0.00,0.00,0.00,0.00,29.85,29.85,0.00,0.00,2.49,2.60,0.00,0.00,0.00,0.00,0.00,0.00,0.00,0.00,0.00,0.00,0.00,0.00,0.00,0.00,0.00,0.00,0.00,0.00,0.00,0.00,0.00,0.00,0.00,0.00,0.00,0.00,0.00,0.00,0.00,0.00,0.00,0.00,0.00,29.85,0.00,0.00,0.00,0.00,0.00,0.00,0.00,0.00,29.85,0.00,29.85,0.00,0.00,0.00,0.00,29.85,0.00,0.00,0.00,0.00,29.85,0.00,0.00,0.00,0.00,0.00,0.00,0.00,0.00,0.00,0.00,0.00,0.00,0.00,0.00,0.00,0.00,0.00,0.00,0.00,0.00,0.00,0.00,0.00,0.00,0.00,0.00,0.00,0.00,0.00,0.00,0.00,0.00,0.00,0.00,0.00,0.00,0.00,0.00,0.00,0.00,0.00,0.00,0.00,0.00,0.47,0.24,0.00,0.00,0.00,0.00,0.03,0.01,0.00,0.31,1.07,0.92,3.10,2.94,2.50,3.35,0.00,0.00,2.81,2.14,2.44,2.60,0.00,0.00,0.00,1.84,0.45,1.49,1.00,1.99,0.50,1.42,0.21,4.59,0.00,1.54,0.79,4.26,0.00,0.00,1.07,0.47,0.49,1.04,1.02,14.93,0.95,0.62,0.00,0.00,3.95,3.98,3.73,0.00,0.00,2.99,1.17,0.82,0.00,0.00,29.85,0.00,0.00,0.00,0.00,1.15,1.13,1.16,1.76,0.93,0.49,1.40,1.03,1.31,8.04,1.15,0.00,0.00,0.00,0.00,0.00,0.00,0.00,0.00,0.00,0.00
10950.5,-2.000,7.000,0.000,0.000,0.000,0,0,0.844,0,0.032,0.027,0.040,0.002,0.021,2.13,0.85,0.93,2.49,4.98,74.77,79.46,8.53,12.79,23.11,29.33,1.01,1.14,3.96,3.80,3.51,2.36,31.27,21.32,17.91,20.63,59.70,29.85,13.06,10.57,0.00,0.00,0.80,1.59,2.20,2.20,0.79,0.00,1.48,1.92,0.00,0.00,0.00,0.00,1.42,1.42,0.00,0.00,0.00,0.00,0.00,0.00,0.00,0.00,0.00,0.00,0.00,0.00,0.00,0.00,0.00,0.00,0.00,0.00,0.00,0.00,0.00,0.00,0.00,0.00,0.00,0.00,0.00,0.00,0.00,0.00,0.00,0.00,0.00,0.00,0.00,0.00,0.00,0.00,0.00,0.00,0.00,0.00,0.00,0.00,0.00,0.00,0.00,0.00,0.00,0.00,0.00,0.00,0.00,0.00,0.71,1.43,0.00,0.85,2.76,2.98,17.74,17.42,0.00,0.00,0.00,0.00,1.01,1.01,0.00,0.00,0.62,1.28,0.81,0.00,0.00,0.00,0.00,29.85,0.00,0.00,0.00,0.00,0.00,0.00,0.00,0.00,0.00,0.00,0.00,0.00,0.00,2.60,0.00,0.00,0.00,0.00,0.00,0.00,0.00,0.00,0.00,0.00,0.00,0.00,0.00,0.00,0.00,0.00,0.00,0.00,0.00,0.00,0.00,14.93,0.00,0.00,0.00,0.00,0.00,0.00,0.00,0.00,0.00,0.00,0.00,0.00,0.00,0.00,0.00,0.00,0.00,0.00,0.00,0.00,0.00,0.00,0.00,0.00,0.00,0.00,0.00,0.00,0.00,0.00,0.00,0.00,0.00,0.00,0.00,0.00,0.00,0.00,0.00,0.00,0.00,0.00,0.00,0.00,0.00,0.00,0.00,0.00,0.00,0.00,0.00,0.00,0.00,0.00,0.00,0.00,0.00,0.00,0.00,0.00,0.00,0.00,0.00,0.00,0.00,0.00,0.00,0.00,0.00,0.00,0.00,0.00,0.00,0.00,0.00,0.00,0.00,0.24,0.12,0.00,0.00,0.00,0.00,0.02,0.01,0.40,0.31,1.07,0.82,3.40,2.85,2.50,3.21,0.00,0.00,3.00,2.63,3.25,2.78,0.00,0.00,0.00,0.92,0.90,1.99,1.00,1.49,2.49,0.36,1.05,4.59,0.00,1.23,0.79,0.00,0.00,4.98,0.00,0.00,1.47,0.99,0.85,0.00,1.02,1.30,0.00,0.00,2.19,1.99,0.00,0.00,0.00,0.00,0.81,0.96,0.00,0.00,0.00,0.00,0.00,0.00,0.00,0.00,1.13,0.69,0.35,0.31,1.96,2.11,0.77,0.79,1.15,0.00,0.00,0.00,0.00,0.00,0.00,0.00,0.00,0.00,0.00,0.00
11050.5,-2.000,7.000,0.000,0.000,0.000,0,0,0.844,0,0.050,0.052,0.049,0.047,0.004,0.00,1.35,1.16,7.46,2.49,75.87,79.60,17.06,12.79,21.71,28.64,0.95,1.03,3.42,2.89,1.83,2.17,34.12,25.59,16.74,19.71,29.85,29.85,4.98,8.08,0.00,0.00,0.40,0.40,2.77,2.89,2.36,0.00,2.36,2.25,0.00,0.00,0.00,0.00,1.42,1.42,0.00,3.98,0.00,0.00,0.00,0.00,0.00,0.00,0.00,0.00,0.00,0.00,0.00,0.00,0.00,0.00,0.00,0.00,0.00,0.00,0.00,0.00,0.00,0.00,0.00,0.00,0.00,0.00,0.00,0.00,0.00,0.00,0.00,0.00,0.00,0.00,0.00,0.00,0.00,0.00,0.00,0.00,0.00,0.00,0.00,0.00,0.00,0.00,0.00,0.00,0.00,0.00,0.00,0.00,1.77,0.71,0.00,2.56,2.91,2.89,17.04,17.07,0.00,0.00,2.30,0.00,1.01,2.02,0.00,0.00,0.62,1.28,0.00,1.61,0.00,0.00,0.00,0.00,0.00,0.00,0.00,0.00,0.00,0.00,0.00,0.00,29.85,29.85,0.00,0.00,0.00,1.30,0.00,0.00,0.00,0.00,0.00,0.00,0.00,0.00,0.00,0.00,0.00,0.00,0.00,0.00,0.00,0.00,0.00,0.00,14.93,0.00,0.00,0.00,0.00,0.00,0.00,0.00,0.00,0.00,0.00,0.00,0.00,0.00,0.00,0.00,0.00,0.00,0.00,0.00,0.00,0.00,0.00,0.00,0.00,0.00,0.00,0.00,0.00,0.00,0.00,0.00,0.00,0.00,0.00,0.00,0.00,0.00,0.00,0.00,0.00,0.00,0.00,0.00,0.00,0.00,0.00,0.00,0.00,0.00,0.00,0.00,0.00,0.00,0.00,0.00,0.00,0.00,0.00,0.00,0.00,0.00,0.00,0.00,0.00,0.00,0.00,0.00,0.00,0.00,0.00,0.00,0.00,0.00,0.00,0.00,0.00,0.00,0.00,0.00,0.00,0.47,0.49,0.00,0.00,0.00,0.00,0.03,0.01,1.19,0.31,1.66,2.05,2.82,2.88,3.55,2.65,0.00,0.00,2.36,2.97,2.23,3.12,0.00,0.00,0.00,4.59,2.71,4.98,3.48,5.47,2.49,0.00,0.84,6.89,5.97,1.23,0.79,0.00,0.00,0.00,0.00,1.90,2.94,1.65,1.25,0.00,0.89,0.73,0.00,0.00,3.51,3.32,0.00,0.00,0.00,0.00,1.03,1.01,0.00,0.00,0.00,0.00,0.00,0.00,1.11,1.15,0.90,1.85,1.05,1.87,0.98,1.05,2.32,1.05,1.15,3.44,0.00,0.00,0.00,0.00,0.00,0.00,0.00,0.00,0.00,0.00
11150.5,-2.000,7.000,0.000,0.000,0.000,0,0,0.845,0,0.035,0.010,0.074,0.091,0.001,0.00,1.50,1.33,2.49,2.49,73.52,79.18,17.06,12.79,22.50,27.33,0.80,0.95,3.78,3.62,2.30,2.46,35.54,28.43,16.15,18.79,59.70,29.85,8.71,11.82,0.00,0.00,1.99,0.80,2.69,2.51,1.57,0.00,2.45,2.95,0.00,0.00,9.95,0.00,0.00,2.84,2.30,0.00,0.00,0.00,0.00,0.00,0.00,0.00,0.00,0.00,0.00,0.00,0.00,0.00,0.00,0.00,0.00,0.00,0.00,0.00,0.00,0.00,0.00,0.00,0.00,0.00,0.00,0.00,0.00,0.00,0.00,0.00,0.00,0.00,0.00,0.00,0.00,0.00,0.00,0.00,0.00,0.00,0.00,0.00,0.02,0.01,0.00,0.00,0.00,0.00,0.00,0.00,0.00,0.00,0.35,1.07,0.00,0.85,2.67,3.47,17.74,17.31,0.00,0.00,4.59,0.00,3.04,1.52,0.00,0.00,0.77,0.99,1.61,0.81,0.00,0.00,0.00,0.00,0.00,0.00,0.00,0.00,29.85,29.85,0.00,0.00,0.00,0.00,29.85,0.00,0.00,0.00,0.00,0.00,0.00,0.00,0.00,0.00,0.00,0.00,0.00,0.00,0.00,0.00,0.00,0.00,0.00,0.00,0.00,0.00,0.00,0.00,0.00,0.00,0.00,0.00,0.00,0.00,0.00,0.00,0.00,0.00,0.00,0.00,0.00,0.00,0.00,0.00,0.00,0.00,0.00,0.00,0.00,0.00,0.00,0.00,0.00,0.00,0.00,0.00,0.00,0.00,0.00,0.00,0.00,0.00,0.00,0.00,0.00,0.00,0.00,0.00,0.00,0.00,0.00,0.00,0.00,0.00,0.00,0.00,0.00,0.00,0.00,0.00,0.00,0.00,0.00,0.00,0.00,0.00,0.00,0.00,0.00,0.00,0.00,0.00,0.00,0.00,0.00,0.00,0.00,0.00,0.00,0.00,0.00,0.00,0.00,0.00,0.00,0.00,0.00,0.83,0.61,0.00,0.00,0.00,0.00,0.01,0.02,0.00,0.00,1.55,1.23,2.98,2.72,3.42,4.05,4.98,0.00,3.19,2.63,3.66,3.47,0.00,0.00,0.00,1.38,0.45,3.48,2.99,4.98,4.48,1.07,0.42,4.59,2.99,1.23,1.06,0.00,0.00,0.00,0.00,0.00,0.00,1.06,0.83,0.00,1.08,1.18,0.00,0.00,1.76,2.65,0.00,0.00,3.32,0.00,1.22,1.21,0.00,0.00,0.00,0.00,0.00,0.00,1.11,4.59,0.90,0.69,1.40,0.93,0.98,3.16,0.77,1.05,3.44,1.15,0.00,0.00,0.00,0.00,0.00,0.00,0.00,0.00,0.00,0.00
11250.5,-2.000,7.000,0.000,0.000,0.000,0,0,0.845,0,0.007,0.002,0.014,0.017,0.000,0.00,0.96,1.53,4.98,0.00,76.56,79.60,8.53,8.53,22.06,29.42,0.99,1.16,3.42,2.17,2.45,1.47,32.69,28.43,17.33,18.09,29.85,0.00,11.82,6.84,0.00,0.00,0.00,1.19,2.67,2.51,0.00,0.00,2.78,2.06,0.00,0.00,0.00,0.00,1.42,1.42,0.00,1.99,0.00,0.00,0.00,0.00,0.00,0.00,0.00,0.00,0.00,0.00,0.00,0.00,0.00,0.00,0.00,0.00,0.00,0.00,0.00,0.00,0.00,0.00,0.00,0.00,0.00,0.00,0.00,0.00,0.00,0.00,0.00,0.00,0.00,0.00,0.00,0.00,0.00,0.00,0.00,0.00,0.00,0.00,0.00,0.00,0.00,0.00,0.00,0.00,0.00,0.00,0.00,0.00,0.71,1.07,0.77,3.41,2.69,2.86,17.32,18.52,0.00,0.00,2.30,0.00,0.51,2.53,0.00,0.00,1.39,0.40,2.42,1.61,0.00,0.00,0.00,0.00,9.95,0.00,0.00,0.00,0.00,0.00,0.00,0.00,0.00,0.00,29.85,0.00,2.49,0.00,0.00,0.00,0.00,0.00,0.00,0.00,0.00,0.00,0.00,0.00,0.00,0.00,0.00,0.00,0.00,0.00,0.00,0.00,0.00,0.00,0.00,0.00,0.00,0.00,0.00,0.00,0.00,0.00,0.00,0.00,0.00,0.00,0.00,0.00,0.00,0.00,0.00,0.00,0.00,0.00,0.00,0.00,0.00,0.00,0.00,0.00,0.00,0.00,0.00,0.00,0.00,0.00,0.00,0.00,0.00,0.00,0.00,0.00,0.00,0.00,0.00,0.00,0.00,0.00,0.00,0.00,0.00,0.00,0.00,0.00,0.00,0.00,0.00,0.00,0.00,0.00,0.00,0.00,0.00,0.00,0.00,0.00,0.00,0.00,0.00,0.00,0.00,0.00,0.00,0.00,0.00,0.00,0.00,0.00,0.00,0.00,0.00,0.00,0.00,0.24,0.12,0.00,0.00,0.00,0.00,0.02,0.00,0.00,0.00,0.95,0.92,2.85,2.89,3.95,3.07,0.00,0.00,2.81,2.56,3.25,1.91,0.00,0.00,0.00,1.84,0.00,3.98,0.00,1.99,1.00,1.07,0.63,4.59,0.00,0.92,0.53,4.26,0.00,0.00,2.13,0.95,0.98,0.95,0.60,0.00,1.27,0.56,0.00,0.00,1.32,1.99,0.00,0.00,0.00,0.00,0.93,0.82,0.00,0.00,0.00,0.00,0.00,0.00,1.11,3.44,0.90,1.62,1.40,0.62,1.47,1.76,0.77,1.57,0.00,2.30,0.00,0.00,0.00,0.00,0.00,0.00,0.00,0.00,0.00,0.00
11350.5,-2.000,7.000,0.000,0.000,0.000,0,0,0.845,0,0.058,0.000,0.144,0.003,0.213,0.00,1.50,0.83,4.98,2.49,74.90,79.32,8.53,8.53,22.94,29.85,0.74,0.74,2.70,3.26,2.12,2.68,29.85,21.32,17.56,19.13,29.85,59.70,8.71,14.30,0.00,0.00,0.80,0.80,2.52,2.53,0.79,0.77,2.31,2.57,0.00,0.00,0.00,9.95,1.42,0.00,2.30,5.97,0.00,0.00,0.00,0.00,0.00,0.00,0.00,0.00,0.00,0.00,0.00,0.00,0.00,0.00,0.00,0.00,0.00,0.00,0.00,0.00,0.00,0.00,0.00,0.00,0.00,0.00,0.00,0.00,0.00,0.00,0.00,0.00,0.00,0.00,0.00,0.00,0.00,0.00,0.00,0.00,0.00,0.00,0.00,0.00,0.00,0.00,0.00,0.00,0.00,0.00,0.00,0.00,1.59,1.79,0.00,0.85,3.42,2.33,17.58,18.18,0.00,0.00,2.30,0.00,1.01,1.52,0.00,0.00,0.93,0.79,3.23,1.61,0.00,0.00,0.00,0.00,0.00,0.00,0.00,0.00,0.00,0.00,0.00,0.00,29.85,0.00,29.85,29.85,0.00,0.00,0.00,0.00,0.00,0.00,0.00,0.00,0.00,0.00,0.00,0.00,0.00,0.00,0.00,0.00,0.00,0.00,0.00,0.00,0.00,0.00,0.00,0.00,0.00,0.00,0.00,0.00,29.85,29.85,0.00,0.00,0.00,0.00,0.00,0.00,0.00,0.00,0.00,0.00,0.00,0.00,0.00,0.00,0.00,0.00,0.00,0.00,0.00,0.00,59.70,59.70,29.85,14.93,0.00,0.00,0.00,0.00,0.00,0.00,0.00,0.00,0.00,0.00,0.00,0.00,0.00,0.00,0.00,0.00,0.00,0.00,0.00,0.00,0.00,0.00,0.00,0.00,0.00,0.00,0.00,0.00,0.00,0.00,0.00,0.00,0.00,0.00,0.00,0.00,0.00,0.00,0.00,0.00,0.00,0.00,0.00,0.00,0.00,0.00,0.00,0.12,0.36,0.00,0.00,0.00,0.00,0.02,0.01,1.19,0.62,1.19,1.85,3.17,2.89,3.16,3.77,0.00,0.00,3.57,2.76,4.26,3.12,0.00,2.30,14.93,0.92,0.00,1.99,1.99,3.48,2.49,0.36,0.21,4.59,0.00,1.54,1.32,0.00,0.00,0.00,0.00,1.42,0.98,1.03,0.98,0.00,1.21,0.90,0.00,0.00,1.76,3.98,0.00,0.00,3.32,0.00,1.14,1.13,0.00,0.00,0.00,0.00,0.00,0.00,0.00,2.30,2.04,0.93,1.40,1.55,2.45,3.86,0.77,0.52,0.00,3.44,0.00,0.00,0.00,0.00,0.00,0.00,0.00,0.00,0.00,0.00
11450.5,-2.000,7.000,0.000,0.000,0.000,0,0,0.846,0,0.011,0.000,0.027,0.001,0.806,0.00,1.25,1.16,4.98,2.49,72.83,79.32,21.32,8.53,20.66,27.68,1.12,0.78,3.24,3.62,1.28,2.25,29.85,27.01,17.21,18.44,29.85,29.85,2.49,9.95,0.00,0.00,1.19,0.00,2.32,2.28,0.79,0.00,1.67,2.76,0.00,0.00,0.00,0.00,0.00,0.00,2.30,0.00,0.00,0.00,0.00,0.00,0.00,0.00,0.00,0.00,0.00,0.00,0.00,0.00,0.00,0.00,0.00,0.00,0.00,0.00,0.00,0.00,0.00,0.00,0.00,0.00,0.00,0.00,0.00,0.00,0.00,0.00,0.00,0.00,0.00,0.00,0.00,0.00,0.00,0.00,0.00,0.00,0.00,0.00,0.00,0.00,0.00,0.00,0.00,0.00,0.00,0.00,0.00,0.00,1.06,0.36,0.77,0.85,3.18,3.47,16.96,17.26,7.46,0.00,0.00,0.00,2.53,1.52,0.00,0.00,1.55,0.89,0.00,1.61,0.00,0.00,0.00,0.00,0.00,0.00,0.00,0.00,0.00,0.00,0.00,0.00,29.85,0.00,0.00,0.00,1.24,1.30,0.00,0.00,0.00,0.00,0.00,0.00,0.00,0.00,0.00,0.00,0.00,0.00,0.00,0.00,0.00,0.00,0.00,0.00,0.00,0.00,29.85,44.78,119.40,119.40,29.85,89.55,14.93,14.93,0.00,0.00,0.00,0.00,0.00,0.00,0.00,0.00,0.00,0.00,0.00,0.00,0.00,0.00,0.00,0.00,0.00,0.00,0.00,0.00,0.00,0.00,0.00,0.00,0.00,0.00,0.00,0.00,29.85,0.00,0.00,0.00,0.00,0.00,0.00,0.00,0.00,0.00,0.00,0.00,0.00,0.00,0.00,0.00,0.00,0.00,0.00,0.00,0.00,0.00,0.00,0.00,0.00,0.00,0.00,0.00,0.00,0.00,0.00,0.00,0.00,0.00,0.00,0.00,0.00,0.00,0.00,0.00,0.00,0.00,0.00,0.59,0.36,0.00,0.00,0.00,0.00,0.02,0.01,0.00,0.92,0.59,0.82,2.54,3.33,2.76,3.07,0.00,0.00,2.81,3.59,2.03,3.47,0.00,0.00,0.00,5.51,1.36,1.00,0.00,1.00,0.50,0.36,0.84,4.59,0.00,0.62,1.85,0.00,4.26,0.00,0.00,0.47,0.98,0.89,0.77,0.00,0.95,1.01,0.00,0.00,3.51,1.99,3.73,0.00,0.00,2.99,0.85,1.03,0.00,0.00,0.00,0.00,0.00,0.00,0.00,1.15,1.58,0.69,1.05,1.87,0.98,1.05,1.03,1.05,1.15,1.15,0.00,0.00,0.00,0.00,0.00,0.00,0.00,0.00,3.32,0.00
11550.5,-2.000,7.000,0.000,0.000,0.000,0,0,0.846,0,0.115,0.142,0.076,0.000,0.222,2.13,1.46,1.10,4.98,4.98,75.46,80.16,17.06,12.79,24.69,27.85,0.93,0.78,2.52,3.08,3.30,2.60,36.96,22.74,17.79,19.94,59.70,29.85,9.95,11.82,0.00,0.00,0.80,0.40,2.44,2.16,0.00,0.00,2.55,2.11,0.00,0.00,19.90,0.00,1.42,0.00,0.00,1.99,1.49,0.00,14.93,0.00,0.00,0.00,0.00,0.00,0.00,0.00,0.00,0.00,0.00,0.00,0.00,0.00,0.00,0.00,0.00,0.00,0.00,0.00,0.00,0.00,0.00,0.00,0.00,0.00,0.00,0.00,0.00,0.00,0.00,0.00,0.00,0.00,0.00,0.00,0.00,0.00,0.00,0.00,0.00,0.00,0.00,0.00,0.00,0.00,0.00,0.00,0.00,0.00,0.88,1.25,0.00,0.85,2.83,2.82,17.82,16.78,0.00,0.00,0.00,1.87,1.01,1.01,0.00,0.00,1.24,1.19,1.61,2.42,7.46,0.00,0.00,0.00,0.00,0.00,0.00,0.00,0.00,0.00,0.00,0.00,0.00,29.85,29.85,0.00,0.00,0.00,0.00,0.00,0.00,0.00,0.00,0.00,0.00,0.00,0.00,0.00,0.00,0.00,0.00,0.00,0.00,0.00,0.00,0.00,0.00,0.00,0.00,0.00,0.00,0.00,0.00,0.00,0.00,0.00,0.00,0.00,0.00,0.00,29.85,0.00,0.00,0.00,0.00,0.00,0.00,0.00,0.00,0.00,0.00,0.00,0.00,0.00,0.00,0.00,29.85,0.00,29.85,0.00,0.00,0.00,29.85,0.00,0.00,0.00,0.00,0.00,0.00,0.00,0.00,0.00,0.00,0.00,0.00,0.00,0.00,0.00,0.00,0.00,0.00,0.00,0.00,0.00,0.00,0.00,0.00,0.00,0.00,0.00,0.00,0.00,0.00,0.00,0.00,0.00,0.00,0.00,0.00,0.00,0.00,0.00,0.00,0.00,0.00,0.00,0.00,0.59,0.24,0.00,0.00,0.00,0.00,0.02,0.02,1.59,0.31,0.95,1.54,2.82,3.33,3.42,4.05,0.00,0.00,3.00,2.97,3.45,3.30,0.00,2.30,0.00,3.21,2.71,0.50,0.00,5.47,0.00,1.42,0.63,0.00,0.00,0.31,0.26,4.26,4.26,0.00,0.00,0.95,0.98,1.33,0.95,0.00,1.52,1.01,0.00,0.00,3.07,1.99,3.73,0.00,0.00,0.00,1.17,1.18,0.00,0.00,0.00,0.00,0.00,0.00,1.11,1.15,1.13,0.69,1.40,1.24,1.47,2.11,1.03,0.26,4.59,9.18,0.00,0.00,0.00,0.00,0.00,0.00,0.00,0.00,0.00,0.00
11650.5,-2.000,7.000,0.000,0.000,0.000,0,0,0.847,0,0.064,0.027,0.121,0.082,0.042,4.26,1.82,1.43,4.98,0.00,76.29,79.74,17.06,8.53,23.72,27.07,1.18,0.84,4.50,5.43,3.36,2.28,32.69,25.59,19.67,19.36,59.70,29.85,16.17,10.57,0.00,0.00,0.80,0.80,2.85,2.80,0.79,0.00,2.68,3.32,0.00,0.00,0.00,0.00,1.42,1.42,0.00,0.00,1.49,0.00,0.00,0.00,0.00,0.00,0.00,0.00,0.00,0.00,0.00,0.00,0.00,0.00,0.00,0.00,0.00,0.00,0.00,0.00,0.00,0.00,0.00,0.00,0.00,0.00,0.00,0.00,0.00,0.00,0.00,0.00,0.00,0.00,0.00,0.00,0.00,0.00,0.00,0.00,0.00,0.00,0.01,0.00,0.00,0.00,0.00,0.00,0.00,0.00,0.00,0.00,0.71,0.89,0.00,0.85,2.93,2.91,17.63,17.65,0.00,0.00,0.00,0.00,1.01,0.00,0.00,0.00,0.46,0.89,0.00,0.81,0.00,3.73,0.00,0.00,0.00,0.00,29.85,0.00,0.00,0.00,0.00,0.00,0.00,29.85,0.00,29.85,0.00,1.30,0.00,0.00,0.00,0.00,0.00,0.00,0.00,0.00,0.00,0.00,0.00,0.00,0.00,0.00,0.00,0.00,0.00,0.00,0.00,0.00,0.00,0.00,0.00,0.00,0.00,0.00,0.00,0.00,0.00,0.00,0.00,0.00,0.00,59.70,0.00,0.00,0.00,29.85,0.00,0.00,0.00,29.85,0.00,0.00,0.00,0.00,0.00,0.00,29.85,29.85,0.00,0.00,0.00,0.00,0.00,0.00,0.00,0.00,0.00,0.00,0.00,0.00,0.00,0.00,0.00,0.00,0.00,0.00,0.00,0.00,0.00,0.00,0.00,0.00,0.00,0.00,0.00,0.00,0.00,0.00,0.00,0.00,0.00,0.00,0.00,0.00,0.00,0.00,0.00,0.00,0.00,0.00,0.00,0.00,0.00,0.00,0.00,0.00,0.00,0.35,0.85,0.00,0.00,0.00,0.00,0.02,0.01,0.00,0.62,1.66,1.64,3.13,3.13,2.89,3.07,0.00,4.98,2.42,3.45,4.06,3.30,2.49,2.30,0.00,0.00,2.26,0.50,0.00,1.49,0.50,0.71,1.26,2.30,0.00,1.23,0.79,0.00,0.00,0.00,0.00,1.42,0.49,0.85,1.10,0.00,0.64,0.79,0.00,0.00,3.95,3.32,0.00,0.00,0.00,0.00,1.52,1.46,0.00,0.00,29.85,0.00,0.00,0.00,2.21,4.59,1.58,2.31,4.57,2.18,2.45,2.46,1.54,1.05,10.33,5.74,0.00,0.00,0.00,0.00,0.00,0.00,0.00,0.00,0.00,0.00
11750.5,-2.000,7.000,0.000,0.000,0.000,0,0,0.847,0,0.012,0.005,0.023,0.016,0.008,0.00,0.96,1.03,0.00,2.49,73.38,79.88,12.79,8.53,22.23,29.16,0.68,0.91,2.34,2.35,1.61,1.06,25.59,19.90,15.45,17.17,29.85,0.00,4.35,6.22,0.00,0.00,0.40,0.40,2.34,2.23,0.00,0.77,2.73,2.11,0.00,0.00,0.00,0.00,1.42,0.00,0.00,0.00,0.00,0.00,0.00,0.00,0.00,0.00,0.00,0.00,0.00,0.00,0.00,0.00,0.00,0.00,0.00,0.00,0.00,0.00,0.00,0.00,0.00,0.00,0.00,0.00,0.00,0.00,0.00,0.00,0.00,0.00,0.00,0.00,0.00,0.00,0.00,0.00,0.00,0.00,0.00,0.00,0.00,0.00,0.01,0.01,0.00,0.00,0.00,0.00,0.00,0.00,0.00,0.00,0.71,0.89,0.77,1.71,2.89,2.82,17.87,17.68,7.46,0.00,0.00,0.00,1.52,1.52,0.00,0.00,1.70,0.89,0.00,2.42,0.00,7.46,0.00,29.85,0.00,0.00,0.00,0.00,0.00,0.00,0.00,0.00,29.85,0.00,29.85,0.00,1.24,0.00,0.00,0.00,0.00,0.00,0.00,0.00,0.00,0.00,0.00,0.00,0.00,0.00,0.00,0.00,0.00,0.00,0.00,0.00,0.00,0.00,0.00,0.00,0.00,0.00,0.00,0.00,0.00,0.00,0.00,0.00,0.00,0.00,0.00,0.00,0.00,0.00,0.00,0.00,0.00,0.00,0.00,0.00,0.00,0.00,0.00,0.00,0.00,0.00,0.00,0.00,0.00,0.00,0.00,0.00,0.00,0.00,0.00,0.00,0.00,0.00,0.00,0.00,0.00,0.00,0.00,0.00,0.00,0.00,0.00,0.00,0.00,0.00,0.00,0.00,0.00,0.00,0.00,0.00,0.00,0.00,0.00,0.00,0.00,0.00,0.00,0.00,0.00,0.00,0.00,0.00,0.00,0.00,0.00,0.00,0.00,0.00,0.00,0.00,0.00,1.42,1.09,0.00,0.00,0.00,0.00,0.01,0.01,0.80,0.92,0.59,1.54,3.20,2.76,2.24,2.65,0.00,4.98,2.30,2.90,1.83,2.43,0.00,0.00,0.00,0.00,0.90,2.49,1.49,1.99,0.00,1.07,1.05,0.00,0.00,0.92,0.79,0.00,0.00,0.00,1.07,0.47,0.00,1.12,0.77,0.00,1.14,0.79,0.00,0.00,2.19,1.99,0.00,0.00,3.32,0.00,0.92,1.08,0.00,0.00,0.00,0.00,0.00,0.00,0.00,0.00,0.90,1.16,1.05,0.00,0.49,1.76,1.54,1.57,0.00,0.00,0.00,0.00,0.00,0.00,0.00,0.00,0.00,0.00,0.00,0.00
11850.5,-2.000,7.000,0.000,0.000,0.000,0,0,0.847,0,0.058,0.000,0.144,0.003,0.001,0.00,1.03,1.16,0.00,2.49,73.52,79.88,17.06,12.79,21.36,28.64,0.95,0.78,4.32,2.35,1.90,2.37,32.69,27.01,16.62,19.71,29.85,29.85,8.08,9.95,0.00,0.00,1.59,0.00,2.20,2.47,0.00,0.00,1.85,2.01,0.00,0.00,0.00,0.00,1.42,0.00,0.00,0.00,0.00,1.57,0.00,0.00,0.00,0.00,0.00,0.00,0.00,0.00,0.00,0.00,0.00,0.00,0.00,0.00,0.00,0.00,0.00,0.00,0.00,0.00,0.00,0.00,0.00,0.00,0.00,0.00,0.00,0.00,0.00,0.00,0.00,0.00,0.00,0.00,0.00,0.00,0.00,0.00,0.00,0.00,0.01,0.01,0.00,0.00,0.00,0.00,0.00,0.00,0.00,0.00,1.06,0.71,1.53,2.56,3.18,2.86,18.23,16.49,0.00,0.00,4.59,1.87,0.00,2.02,0.00,0.00,0.46,1.19,1.61,1.61,0.00,0.00,0.00,0.00,0.00,0.00,29.85,0.00,0.00,0.00,0.00,0.00,0.00,0.00,29.85,29.85,0.00,0.00,0.00,0.00,0.00,0.00,0.00,0.00,0.00,0.00,0.00,0.00,0.00,0.00,0.00,0.00,0.00,0.00,0.00,0.00,0.00,0.00,0.00,0.00,0.00,0.00,0.00,0.00,0.00,0.00,0.00,0.00,0.00,0.00,0.00,0.00,0.00,0.00,0.00,0.00,0.00,0.00,0.00,0.00,0.00,0.00,0.00,0.00,0.00,0.00,29.85,29.85,0.00,0.00,0.00,0.00,0.00,0.00,0.00,0.00,0.00,0.00,0.00,0.00,0.00,0.00,0.00,0.00,0.00,0.00,0.00,0.00,0.00,0.00,0.00,0.00,0.00,0.00,0.00,0.00,0.00,0.00,0.00,0.00,0.00,0.00,0.00,0.00,0.00,0.00,0.00,0.00,0.00,0.00,0.00,0.00,0.00,0.00,0.00,0.00,0.00,0.94,0.73,0.00,0.00,0.00,0.00,0.02,0.01,0.00,0.62,0.83,0.82,2.95,3.09,2.10,3.63,0.00,0.00,2.93,3.52,3.86,2.60,2.49,0.00,0.00,1.38,0.00,1.99,1.00,0.50,1.00,0.36,1.26,0.00,0.00,0.92,1.06,0.00,0.00,4.98,0.00,0.00,0.00,0.72,0.64,0.00,0.83,0.96,0.00,0.00,3.95,3.32,0.00,0.00,0.00,2.99,0.98,0.89,0.00,0.00,0.00,0.00,0.00,0.00,0.00,0.00,2.04,1.16,0.70,0.93,0.98,0.70,1.29,0.52,0.00,0.00,0.00,0.00,0.00,0.00,0.00,0.00,0.00,0.00,0.00,0.00
11950.5,-2.000,7.000,0.000,0.000,0.000,0,0,0.848,0,0.011,0.000,0.027,0.001,0.000,2.13,1.32,1.10,4.98,2.49,75.18,79.18,17.06,8.53,21.80,29.42,1.58,1.67,3.60,3.08,2.67,2.33,28.43,19.90,14.75,20.28,29.85,59.70,8.08,9.95,0.00,0.00,0.00,0.00,2.74,2.96,0.79,2.30,2.59,2.81,0.00,0.00,0.00,9.95,1.42,0.00,0.00,0.00,1.49,0.00,0.00,0.00,0.00,0.00,0.00,0.00,0.00,0.00,0.00,0.00,0.00,0.00,0.00,0.00,0.00,0.00,0.00,0.00,0.00,0.00,0.00,0.00,0.00,0.00,0.00,0.00,0.00,0.00,0.00,0.00,0.00,0.00,0.00,0.00,0.00,0.00,0.00,0.00,0.00,0.00,0.01,0.01,0.00,0.00,0.00,0.00,0.00,0.00,0.00,0.00,1.59,1.79,0.00,0.00,3.35,2.96,17.69,17.10,0.00,0.00,0.00,3.73,0.00,1.01,0.00,0.00,0.93,0.69,0.00,0.81,0.00,0.00,0.00,0.00,0.00,0.00,0.00,0.00,0.00,0.00,0.00,0.00,0.00,0.00,0.00,0.00,0.00,1.30,0.00,0.00,0.00,0.00,0.00,0.00,0.00,0.00,0.00,0.00,0.00,0.00,0.00,0.00,0.00,0.00,0.00,0.00,14.93,14.93,0.00,0.00,0.00,0.00,0.00,0.00,0.00,0.00,0.00,0.00,0.00,0.00,0.00,0.00,0.00,0.00,0.00,0.00,0.00,0.00,0.00,0.00,0.00,0.00,0.00,0.00,0.00,0.00,0.00,0.00,0.00,0.00,0.00,0.00,0.00,0.00,0.00,0.00,0.00,0.00,0.00,0.00,0.00,0.00,0.00,0.00,0.00,0.00,0.00,0.00,0.00,0.00,0.00,0.00,0.00,0.00,0.00,0.00,0.00,0.00,0.00,0.00,0.00,0.00,0.00,0.00,0.00,0.00,0.00,0.00,0.00,0.00,0.00,0.00,0.00,0.00,0.00,0.00,0.00,0.71,1.33,1.61,3.73,0.00,0.00,0.01,0.00,0.00,1.23,0.24,0.72,3.30,2.84,2.89,3.07,0.00,0.00,3.19,2.90,2.64,3.12,0.00,0.00,0.00,0.92,0.90,2.99,0.50,2.99,0.50,0.36,0.63,2.30,0.00,0.31,1.32,0.00,4.26,0.00,2.13,0.47,2.45,1.16,0.75,0.00,1.27,1.35,0.00,0.00,1.76,1.33,0.00,0.00,0.00,0.00,1.09,0.94,0.00,0.00,0.00,0.00,0.00,0.00,0.00,1.15,0.68,1.16,0.00,0.62,0.49,0.70,0.77,0.52,2.30,1.15,0.00,0.00,0.00,0.00,0.00,0.00,0.00,0.00,0.00,0.00
12050.5,-2.000,7.000,0.000,0.000,0.000,0,0,0.848,0,0.000,0.000,0.000,0.047,0.000,0.00,1.46,0.90,7.46,7.46,73.66,78.76,12.79,12.79,22.94,28.90,0.82,1.18,2.16,3.26,2.36,1.57,36.96,21.32,15.22,19.71,29.85,0.00,6.22,11.82,0.00,0.00,1.19,0.80,2.35,2.67,0.79,0.77,2.31,2.71,0.00,0.00,0.00,0.00,0.00,1.42,2.30,1.99,0.00,0.00,0.00,0.00,0.00,0.00,0.00,0.00,0.00,0.00,0.00,0.00,0.00,0.00,0.00,0.00,0.00,0.00,0.00,0.00,0.00,0.00,0.00,0.00,0.00,0.00,0.00,0.00,0.00,0.00,0.00,0.00,0.00,0.00,0.00,0.00,0.00,0.00,0.00,0.00,0.00,0.00,0.00,0.00,0.00,0.00,0.00,0.00,0.00,0.00,0.00,0.00,1.41,1.43,1.53,0.85,2.93,3.14,16.91,18.13,0.00,0.00,0.00,0.00,1.01,1.01,0.00,0.00,0.31,0.79,1.61,0.81,0.00,0.00,0.00,0.00,0.00,0.00,0.00,0.00,0.00,0.00,0.00,0.00,29.85,0.00,0.00,0.00,0.00,0.00,0.00,0.00,0.00,0.00,0.00,0.00,0.00,0.00,0.00,0.00,0.00,0.00,0.00,0.00,0.00,0.00,0.00,0.00,0.00,0.00,0.00,0.00,0.00,0.00,0.00,0.00,0.00,0.00,0.00,0.00,0.00,14.93,0.00,0.00,0.00,0.00,0.00,0.00,14.93,0.00,29.85,0.00,0.00,0.00,0.00,0.00,0.00,0.00,0.00,0.00,0.00,0.00,0.00,0.00,0.00,0.00,0.00,0.00,0.00,0.00,0.00,0.00,0.00,0.00,0.00,0.00,0.00,0.00,0.00,0.00,0.00,0.00,0.00,0.00,0.00,0.00,0.00,0.00,0.00,0.00,0.00,0.00,0.00,0.00,0.00,0.00,0.00,0.00,0.00,0.00,0.00,0.00,0.00,0.00,0.00,0.00,0.00,0.00,0.00,0.59,0.73,0.00,0.00,0.00,0.00,0.02,0.02,0.40,0.00,0.71,1.13,2.71,2.84,3.29,3.07,4.98,0.00,3.70,2.76,2.84,2.26,0.00,0.00,0.00,2.76,0.45,1.99,0.50,0.00,0.50,1.42,1.68,0.00,0.00,2.15,0.79,4.26,0.00,0.00,1.07,1.42,0.00,0.68,0.83,0.00,1.08,0.79,0.00,0.00,2.19,1.33,0.00,0.00,3.32,0.00,0.98,1.00,0.00,0.00,0.00,0.00,0.00,0.00,0.00,1.15,1.13,1.16,2.11,0.62,0.98,1.40,2.32,0.79,2.30,1.15,0.00,0.00,0.00,0.00,0.00,0.00,0.00,0.00,0.00,0.00
12150.5,-2.000,7.000,0.000,0.000,0.000,0,0,0.849,0,0.040,0.000,0.099,0.150,0.639,0.00,1.35,1.20,0.00,4.98,73.94,80.72,12.79,8.53,24.07,29.59,1.06,1.10,2.88,3.44,2.53,3.08,31.27,27.01,17.56,18.90,29.85,29.85,9.33,13.06,0.00,0.00,0.00,1.59,2.37,2.26,0.00,0.77,1.80,2.81,0.00,0.00,0.00,0.00,0.00,2.84,2.30,3.98,0.00,0.00,0.00,0.00,0.00,0.00,0.00,0.00,0.00,0.00,0.00,0.00,0.00,0.00,0.00,0.00,0.00,0.00,0.00,0.00,0.00,0.00,0.00,0.00,0.00,0.00,0.00,0.00,0.00,0.00,0.00,0.00,0.00,0.00,0.00,0.00,0.00,0.00,0.00,0.00,0.00,0.00,0.00,0.00,0.00,0.00,0.00,0.00,0.00,0.00,0.00,0.00,0.88,1.07,0.00,2.56,2.74,2.82,16.77,18.76,0.00,0.00,0.00,1.87,0.51,2.53,0.00,0.00,1.55,0.59,0.00,0.00,0.00,0.00,0.00,0.00,0.00,0.00,0.00,0.00,0.00,0.00,0.00,0.00,0.00,0.00,0.00,0.00,0.00,0.00,0.00,0.00,0.00,0.00,0.00,0.00,0.00,0.00,0.00,0.00,0.00,0.00,0.00,0.00,0.00,0.00,0.00,0.00,0.00,0.00,59.70,59.70,149.25,149.25,29.85,89.55,0.00,0.00,0.00,0.00,0.00,0.00,0.00,0.00,0.00,0.00,0.00,0.00,0.00,0.00,0.00,0.00,0.00,0.00,0.00,0.00,0.00,0.00,0.00,29.85,0.00,0.00,29.85,0.00,0.00,0.00,59.70,0.00,0.00,0.00,0.00,0.00,0.00,0.00,0.00,0.00,0.00,0.00,0.00,0.00,0.00,0.00,0.00,0.00,0.00,0.00,0.00,0.00,0.00,0.00,0.00,0.00,0.00,0.00,0.00,0.00,0.00,0.00,0.00,0.00,0.00,0.00,0.00,0.00,0.00,0.00,0.00,0.00,0.00,0.24,0.24,0.00,0.00,0.00,0.00,0.02,0.01,0.80,0.31,0.83,0.82,2.88,3.08,3.81,2.93,0.00,0.00,2.42,2.83,3.45,2.78,0.00,0.00,0.00,0.46,0.45,1.00,1.49,1.99,0.00,0.36,0.63,0.00,0.00,0.92,0.79,0.00,0.00,0.00,1.07,0.47,0.49,1.04,0.81,0.00,1.08,1.13,0.00,0.00,4.39,1.99,0.00,0.00,0.00,0.00,0.87,0.76,0.00,0.00,0.00,0.00,0.00,0.00,1.11,0.00,1.13,2.31,1.05,1.24,0.49,1.05,1.03,1.83,3.44,2.30,0.00,0.00,0.00,0.00,0.00,0.00,0.00,0.00,0.00,0.00
12250.5,-2.000,7.000,0.000,0.000,0.000,0,0,0.849,0,0.037,0.000,0.092,0.028,0.308,0.00,0.82,0.80,4.98,0.00,73.66,81.56,12.79,8.53,22.94,29.59,1.22,1.06,3.24,4.34,1.98,2.25,31.27,29.85,17.33,19.02,29.85,29.85,9.33,9.95,0.00,0.00,0.80,0.80,2.45,2.51,0.00,1.53,2.27,1.97,0.00,0.00,0.00,0.00,0.00,0.00,0.00,1.99,1.49,1.57,0.00,0.00,0.00,0.00,0.00,0.00,0.00,0.00,0.00,0.00,0.00,0.00,0.00,0.00,0.00,0.00,0.00,0.00,0.00,0.00,0.00,0.00,0.00,0.00,0.00,0.00,0.00,0.00,0.00,0.00,0.00,0.00,0.00,0.00,0.00,0.00,0.00,0.00,0.00,0.00,0.01,0.01,0.00,0.00,0.00,0.00,0.00,0.00,0.00,0.00,1.41,0.89,0.77,0.00,2.85,2.70,18.13,17.92,0.00,14.93,0.00,1.87,0.51,1.52,0.00,0.00,0.46,0.59,0.81,0.00,7.46,0.00,0.00,0.00,0.00,0.00,0.00,0.00,0.00,0.00,0.00,0.00,0.00,0.00,0.00,0.00,3.73,0.00,0.00,0.00,0.00,0.00,0.00,0.00,0.00,0.00,0.00,0.00,0.00,0.00,0.00,0.00,0.00,0.00,0.00,0.00,0.00,0.00,0.00,0.00,0.00,0.00,0.00,0.00,0.00,0.00,0.00,0.00,0.00,0.00,0.00,29.85,0.00,0.00,29.85,29.85,0.00,0.00,0.00,0.00,0.00,0.00,0.00,0.00,0.00,0.00,0.00,0.00,0.00,0.00,0.00,0.00,0.00,0.00,0.00,0.00,0.00,0.00,0.00,0.00,0.00,0.00,0.00,0.00,0.00,0.00,0.00,0.00,0.00,0.00,0.00,0.00,0.00,0.00,0.00,0.00,0.00,0.00,0.00,0.00,0.00,0.00,0.00,0.00,0.00,0.00,0.00,0.00,0.00,0.00,0.00,0.00,0.00,0.00,0.00,0.00,0.00,0.83,0.97,0.00,1.87,0.00,0.00,0.02,0.00,0.00,1.23,0.95,1.44,2.87,2.84,3.02,2.79,4.98,0.00,1.85,2.14,2.84,2.78,0.00,0.00,0.00,1.84,0.45,4.98,3.48,3.48,0.50,0.71,1.05,13.78,14.93,0.92,1.32,0.00,0.00,0.00,0.00,0.00,0.00,1.46,0.75,0.00,1.14,1.01,0.00,0.00,1.76,0.00,3.73,0.00,0.00,0.00,1.04,1.06,0.00,0.00,0.00,0.00,0.00,0.00,0.00,0.00,1.36,1.39,1.05,0.31,1.96,1.05,0.51,1.05,3.44,0.00,0.00,0.00,0.00,0.00,0.00,0.00,0.00,0.00,0.00,0.00
12350.5,-2.000,7.000,0.000,0.000,0.000,0,0,0.849,0,0.000,0.000,0.000,0.147,0.058,2.13,0.89,1.26,2.49,2.49,73.24,80.02,8.53,8.53,21.97,29.07,0.91,1.20,2.34,3.80,2.46,1.68,32.69,31.27,15.34,18.67,29.85,0.00,10.57,2.49,0.00,0.00,0.40,1.59,2.45,2.78,2.36,1.53,2.73,2.43,0.00,0.00,0.00,0.00,1.42,0.00,0.00,0.00,0.00,0.00,0.00,0.00,0.00,0.00,0.00,0.00,0.00,0.00,0.00,0.00,0.00,0.00,0.00,0.00,0.00,0.00,0.00,0.00,0.00,0.00,0.00,0.00,0.00,0.00,0.00,0.00,0.00,0.00,0.00,0.00,0.00,0.00,0.00,0.00,0.00,0.00,0.00,0.00,0.00,0.00,0.01,0.01,0.00,0.00,0.00,0.00,0.00,0.00,0.00,0.00,0.71,1.43,0.00,0.85,3.31,3.10,17.50,16.91,0.00,0.00,0.00,3.73,0.51,1.52,0.00,0.00,0.93,1.38,2.42,0.81,0.00,3.73,0.00,0.00,0.00,0.00,0.00,0.00,0.00,0.00,0.00,0.00,0.00,0.00,29.85,0.00,0.00,0.00,0.00,0.00,0.00,0.00,0.00,0.00,0.00,0.00,0.00,0.00,0.00,0.00,0.00,0.00,0.00,0.00,0.00,0.00,0.00,0.00,0.00,0.00,0.00,0.00,0.00,0.00,0.00,0.00,0.00,0.00,29.85,0.00,0.00,29.85,29.85,0.00,0.00,0.00,0.00,0.00,0.00,0.00,0.00,0.00,0.00,0.00,0.00,0.00,29.85,29.85,0.00,0.00,29.85,0.00,0.00,0.00,0.00,0.00,0.00,0.00,0.00,0.00,0.00,0.00,0.00,0.00,0.00,0.00,0.00,0.00,0.00,0.00,0.00,0.00,0.00,0.00,0.00,0.00,0.00,0.00,0.00,0.00,0.00,0.00,0.00,0.00,0.00,0.00,0.00,0.00,0.00,0.00,0.00,0.00,0.00,0.00,0.00,0.00,0.00,0.47,0.36,0.00,0.00,0.00,0.00,0.00,0.00,0.80,0.00,1.43,1.85,2.74,2.81,2.50,2.37,0.00,0.00,3.38,3.39,3.25,2.26,0.00,0.00,0.00,0.92,1.36,0.50,0.50,1.00,4.48,2.49,0.63,0.00,0.00,0.92,1.06,0.00,0.00,0.00,0.00,0.47,0.98,0.80,1.04,0.00,1.33,0.84,0.00,0.00,2.63,3.32,0.00,4.26,0.00,0.00,1.00,0.79,0.00,0.00,0.00,0.00,0.00,0.00,1.11,1.15,1.36,0.46,0.70,0.93,0.49,0.70,1.03,0.26,0.00,0.00,0.00,0.00,0.00,0.00,0.00,0.00,0.00,0.00,0.00,0.00
12450.5,-2.000,7.000,0.000,0.000,0.000,0,0,0.850,0,0.000,0.000,0.000,0.028,0.011,0.00,1.64,0.93,2.49,0.00,76.84,81.84,12.79,12.79,22.50,29.16,1.10,0.74,3.06,3.80,1.76,2.90,38.38,25.59,17.09,22.59,0.00,59.70,9.33,11.82,0.00,0.00,1.59,0.40,2.27,2.35,0.79,0.00,1.67,1.92,0.00,0.00,0.00,0.00,4.26,1.42,0.00,0.00,0.00,1.57,0.00,0.00,0.00,0.00,0.00,0.00,0.00,0.00,0.00,0.00,0.00,0.00,0.00,0.00,0.00,0.00,0.00,0.00,0.00,0.00,0.00,0.00,0.00,0.00,0.00,0.00,0.00,0.00,0.00,0.00,0.00,0.00,0.00,0.00,0.00,0.00,0.00,0.00,0.00,0.00,0.00,0.00,0.00,0.00,0.00,0.00,0.00,0.00,0.00,0.00,0.71,0.36,0.00,0.85,3.35,2.77,16.64,17.94,0.00,0.00,0.00,1.87,0.00,0.51,0.00,0.00,1.24,0.59,0.81,2.42,0.00,0.00,0.00,29.85,0.00,0.00,0.00,0.00,0.00,0.00,0.00,0.00,0.00,0.00,0.00,0.00,1.24,1.30,0.00,0.00,0.00,0.00,0.00,0.00,0.00,0.00,0.00,0.00,0.00,0.00,0.00,0.00,0.00,0.00,0.00,0.00,0.00,0.00,0.00,0.00,0.00,0.00,0.00,0.00,0.00,0.00,0.00,0.00,0.00,0.00,0.00,0.00,0.00,0.00,0.00,0.00,0.00,0.00,0.00,0.00,0.00,0.00,0.00,0.00,0.00,0.00,0.00,0.00,0.00,0.00,0.00,0.00,0.00,0.00,0.00,0.00,0.00,0.00,0.00,0.00,0.00,0.00,0.00,0.00,0.00,0.00,0.00,0.00,0.00,0.00,0.00,0.00,0.00,0.00,0.00,0.00,0.00,0.00,0.00,0.00,0.00,0.00,0.00,0.00,0.00,0.00,0.00,0.00,0.00,0.00,0.00,0.00,0.00,0.00,0.00,0.00,0.00,0.24,0.12,1.61,0.00,0.00,0.00,0.03,0.02,0.40,0.92,1.43,0.82,3.10,3.46,3.42,3.21,0.00,0.00,2.42,3.04,3.25,3.64,0.00,0.00,0.00,0.92,3.62,0.50,1.00,0.50,1.49,1.07,1.05,0.00,0.00,0.31,1.85,4.26,0.00,0.00,0.00,0.47,0.49,0.95,0.71,0.00,1.21,1.01,0.00,0.00,1.76,1.99,0.00,4.26,0.00,0.00,1.08,1.23,0.00,0.00,0.00,0.00,0.00,0.00,1.11,0.00,1.36,1.39,0.70,1.24,0.49,0.70,1.54,0.79,5.74,1.15,0.00,0.00,0.00,0.00,0.00,0.00,0.00,0.00,0.00,0.00
12550.5,-2.000,7.000,0.000,0.000,0.000,0,0,0.850,0,0.009,0.000,0.023,0.005,0.002,8.53,1.57,1.53,2.49,2.49,74.63,80.72,8.53,12.79,23.20,28.46,0.72,0.82,3.78,3.98,3.46,2.02,32.69,22.74,18.03,20.63,59.70,29.85,13.06,12.44,0.00,0.00,0.80,0.80,2.28,2.24,0.79,0.00,3.01,2.99,0.00,0.00,0.00,0.00,0.00,0.00,6.89,0.00,0.00,0.00,0.00,0.00,0.00,0.00,0.00,0.00,0.00,0.00,0.00,0.00,0.00,0.00,0.00,0.00,0.00,0.00,0.00,0.00,0.00,0.00,0.00,0.00,0.00,0.00,0.00,0.00,0.00,0.00,0.00,0.00,0.00,0.00,0.00,0.00,0.00,0.00,0.00,0.00,0.00,0.00,0.00,0.00,0.00,0.00,0.00,0.00,0.00,0.00,0.00,0.00,0.53,1.79,1.53,0.85,3.24,2.96,16.80,17.81,0.00,0.00,2.30,0.00,0.51,2.02,0.00,0.00,0.77,1.09,1.61,2.42,0.00,0.00,0.00,0.00,0.00,9.95,29.85,0.00,0.00,0.00,0.00,0.00,29.85,0.00,0.00,0.00,0.00,2.60,0.00,0.00,0.00,0.00,0.00,0.00,0.00,0.00,0.00,0.00,0.00,0.00,0.00,0.00,0.00,0.00,0.00,0.00,29.85,29.85,0.00,0.00,0.00,0.00,0.00,0.00,0.00,0.00,0.00,0.00,0.00,0.00,0.00,0.00,0.00,0.00,0.00,0.00,0.00,0.00,0.00,0.00,0.00,0.00,0.00,0.00,0.00,0.00,0.00,0.00,0.00,0.00,0.00,0.00,0.00,0.00,0.00,0.00,0.00,0.00,0.00,0.00,0.00,0.00,0.00,0.00,0.00,0.00,0.00,0.00,0.00,0.00,0.00,0.00,0.00,0.00,0.00,0.00,0.00,0.00,0.00,0.00,0.00,0.00,0.00,0.00,0.00,0.00,0.00,0.00,0.00,0.00,0.00,0.00,0.00,0.00,0.00,0.00,0.00,0.71,0.73,0.00,0.00,0.00,0.00,0.02,0.02,0.00,1.23,1.55,1.03,2.87,3.08,3.42,4.18,0.00,0.00,3.32,2.63,3.66,3.30,0.00,0.00,0.00,4.59,3.17,3.48,1.49,1.99,1.99,1.07,2.10,6.89,0.00,1.23,0.53,0.00,0.00,0.00,0.00,1.90,3.43,1.67,1.16,0.00,1.21,1.07,0.00,0.00,3.51,4.64,0.00,4.26,0.00,0.00,1.27,1.41,0.00,0.00,0.00,0.00,0.00,0.00,1.11,2.30,0.45,0.69,2.46,2.18,0.00,1.05,1.29,1.05,2.30,4.59,0.00,0.00,0.00,0.00,0.00,0.00,0.00,0.00,0.00,0.00
12650.5,-2.000,7.000,0.000,0.000,0.000,0,0,0.851,0,0.002,0.000,0.004,0.001,0.000,0.00,0.96,1.06,2.49,4.98,74.21,81.98,8.53,12.79,23.02,28.64,0.93,0.91,3.60,3.08,2.51,2.53,28.43,27.01,17.79,19.71,29.85,29.85,13.06,10.57,0.00,0.00,0.80,0.80,2.48,2.67,1.57,0.00,2.92,2.43,0.00,0.00,0.00,0.00,0.00,1.42,0.00,3.98,0.00,0.00,0.00,0.00,0.00,0.00,0.00,0.00,0.00,0.00,0.00,0.00,0.00,0.00,0.00,0.00,0.00,0.00,0.00,0.00,0.00,0.00,0.00,0.00,0.00,0.00,0.00,0.00,0.00,0.00,0.00,0.00,0.00,0.00,0.00,0.00,0.00,0.00,0.00,0.00,0.00,0.00,0.00,0.00,0.00,0.00,0.00,0.00,0.00,0.00,0.00,0.00,0.53,1.43,0.77,1.71,2.76,2.93,17.50,17.02,0.00,0.00,0.00,0.00,1.01,0.00,0.00,0.00,1.39,0.79,0.00,0.00,0.00,0.00,0.00,0.00,0.00,0.00,0.00,0.00,0.00,0.00,0.00,0.00,0.00,0.00,29.85,0.00,0.00,0.00,0.00,0.00,0.00,0.00,0.00,0.00,0.00,0.00,0.00,0.00,0.00,0.00,0.00,0.00,0.00,0.00,0.00,0.00,0.00,0.00,0.00,0.00,0.00,0.00,0.00,0.00,0.00,0.00,0.00,0.00,0.00,0.00,29.85,0.00,0.00,0.00,0.00,0.00,0.00,0.00,0.00,0.00,0.00,0.00,0.00,0.00,0.00,0.00,0.00,0.00,0.00,0.00,0.00,0.00,0.00,0.00,0.00,0.00,0.00,0.00,0.00,0.00,0.00,0.00,0.00,0.00,0.00,0.00,0.00,0.00,0.00,0.00,0.00,0.00,0.00,0.00,0.00,0.00,0.00,0.00,0.00,0.00,0.00,0.00,0.00,0.00,0.00,0.00,0.00,0.00,0.00,0.00,0.00,0.00,0.00,0.00,0.00,0.00,0.00,0.35,0.00,0.00,0.00,0.00,0.00,0.02,0.00,1.19,0.31,1.07,1.03,3.09,3.23,2.63,2.65,0.00,0.00,3.51,3.18,4.06,3.12,0.00,4.59,0.00,3.21,0.45,7.46,0.00,3.48,0.50,0.71,1.26,4.59,0.00,0.62,0.79,0.00,0.00,0.00,0.00,0.00,0.49,0.99,0.68,0.00,0.57,1.13,0.00,0.00,1.32,0.00,0.00,0.00,0.00,5.97,0.93,1.00,0.00,0.00,0.00,0.00,0.00,0.00,1.11,0.00,1.13,1.16,0.70,0.31,0.49,1.05,1.29,0.79,3.44,1.15,0.00,0.00,0.00,0.00,0.00,0.00,0.00,0.00,0.00,0.00
12750.5,-2.000,7.000,0.000,0.000,0.000,0,0,0.851,0,0.017,0.000,0.042,0.000,0.732,0.00,1.21,1.66,7.46,0.00,75.59,77.92,12.79,12.79,24.34,30.11,1.25,1.37,3.06,3.08,3.02,2.36,31.27,28.43,16.27,20.05,59.70,59.70,9.95,13.06,0.00,0.00,1.19,0.80,2.44,2.22,0.00,0.77,2.22,1.59,0.00,0.00,9.95,0.00,0.00,0.00,0.00,1.99,0.00,0.00,0.00,14.93,0.00,0.00,0.00,0.00,0.00,0.00,0.00,0.00,0.00,0.00,0.00,0.00,0.00,0.00,0.00,0.00,0.00,0.00,0.00,0.00,0.00,0.00,0.00,0.00,0.00,0.00,0.00,0.00,0.00,0.00,0.00,0.00,0.00,0.00,0.00,0.00,0.00,0.00,0.00,0.00,0.00,0.00,0.00,0.00,0.00,0.00,0.00,0.00,0.71,1.97,0.77,2.56,3.20,3.00,15.94,17.89,7.46,0.00,0.00,0.00,0.00,1.01,0.00,0.00,0.46,0.69,0.81,0.00,0.00,3.73,0.00,0.00,9.95,9.95,59.70,0.00,0.00,0.00,0.00,0.00,0.00,0.00,0.00,0.00,3.73,1.30,0.00,0.00,0.00,0.00,0.00,0.00,0.00,0.00,0.00,0.00,0.00,0.00,0.00,0.00,0.00,0.00,0.00,0.00,0.00,29.85,0.00,0.00,89.55,89.55,29.85,0.00,44.78,59.70,0.00,0.00,0.00,0.00,0.00,0.00,0.00,0.00,0.00,0.00,0.00,0.00,0.00,0.00,0.00,0.00,0.00,0.00,0.00,0.00,0.00,0.00,0.00,0.00,0.00,0.00,0.00,0.00,0.00,0.00,0.00,0.00,0.00,0.00,0.00,0.00,0.00,0.00,0.00,0.00,0.00,0.00,0.00,0.00,0.00,0.00,0.00,0.00,0.00,0.00,0.00,0.00,0.00,0.00,0.00,0.00,0.00,0.00,0.00,0.00,0.00,0.00,0.00,0.00,0.00,0.00,0.00,0.00,0.00,0.00,0.00,0.35,0.00,0.00,0.00,0.00,0.00,0.00,0.00,0.80,0.92,1.31,1.74,2.77,2.68,3.68,3.21,0.00,0.00,3.64,3.25,3.25,3.82,0.00,0.00,0.00,0.00,0.00,0.50,1.49,3.48,0.00,1.07,0.63,0.00,0.00,1.54,1.32,0.00,0.00,0.00,1.07,2.37,0.49,1.08,0.81,0.00,0.70,1.07,0.00,0.00,2.63,1.99,0.00,0.00,0.00,0.00,1.03,1.18,0.00,0.00,0.00,0.00,0.00,0.00,1.11,2.30,1.13,0.46,1.40,1.87,1.47,0.35,1.29,1.31,8.04,3.44,0.00,0.00,0.00,0.00,0.00,0.00,0.00,0.00,0.00,0.00
12850.5,-2.000,7.000,0.000,0.000,0.000,0,0,0.851,0,0.012,0.000,0.029,0.000,0.390,2.13,1.60,1.60,7.46,4.98,76.29,80.44,12.79,8.53,23.02,27.68,1.06,0.91,3.78,2.89,2.44,1.18,35.54,27.01,18.14,20.05,29.85,0.00,7.46,4.98,0.00,0.00,0.80,0.40,2.33,2.42,1.57,0.00,2.27,2.85,0.00,0.00,0.00,0.00,0.00,1.42,0.00,1.99,0.00,0.00,0.00,0.00,0.00,0.00,0.00,0.00,0.00,0.00,0.00,0.00,0.00,0.00,0.00,0.00,0.00,0.00,0.00,0.00,0.00,0.00,0.00,0.00,0.00,0.00,0.00,0.00,0.00,0.00,0.00,0.00,0.00,0.00,0.00,0.00,0.00,0.00,0.00,0.00,0.00,0.00,0.00,0.00,0.00,0.00,0.00,0.00,0.00,0.00,0.00,0.00,1.59,0.89,0.00,1.71,2.93,2.84,17.43,18.52,0.00,0.00,0.00,0.00,2.53,0.51,0.00,0.00,0.93,1.19,1.61,0.81,0.00,0.00,0.00,29.85,0.00,0.00,0.00,0.00,0.00,0.00,0.00,0.00,29.85,0.00,29.85,0.00,0.00,0.00,0.00,0.00,0.00,0.00,0.00,0.00,0.00,0.00,0.00,0.00,0.00,0.00,0.00,0.00,0.00,0.00,0.00,0.00,14.93,0.00,0.00,0.00,0.00,0.00,0.00,0.00,0.00,0.00,0.00,0.00,0.00,14.93,0.00,0.00,0.00,0.00,0.00,0.00,0.00,0.00,0.00,29.85,0.00,0.00,0.00,0.00,0.00,0.00,29.85,29.85,0.00,0.00,0.00,0.00,0.00,0.00,0.00,0.00,0.00,0.00,0.00,0.00,29.85,0.00,0.00,0.00,0.00,0.00,0.00,0.00,0.00,0.00,0.00,0.00,0.00,0.00,0.00,0.00,0.00,0.00,0.00,0.00,0.00,0.00,0.00,0.00,0.00,0.00,0.00,0.00,0.00,0.00,0.00,0.00,0.00,0.00,0.00,0.00,0.00,0.59,0.49,0.00,0.00,0.00,0.00,0.02,0.02,0.40,0.31,1.78,1.33,2.94,2.79,2.37,3.07,0.00,0.00,2.87,2.83,2.44,1.56,0.00,0.00,0.00,0.00,0.90,1.99,1.00,1.49,1.99,1.07,1.05,0.00,0.00,1.23,0.53,0.00,0.00,4.98,0.00,0.47,1.47,0.84,0.79,0.00,0.70,0.84,0.00,0.00,3.95,3.98,0.00,0.00,3.32,0.00,0.98,1.10,0.00,0.00,0.00,0.00,0.00,0.00,1.11,2.30,2.94,1.16,1.05,1.87,0.98,0.70,1.03,1.05,1.15,2.30,0.00,7.46,0.00,0.00,0.00,0.00,0.00,0.00,0.00,0.00
12950.5,-2.000,7.000,0.000,0.000,0.000,0,0,0.852,0,0.016,0.000,0.041,0.000,0.074,0.00,1.03,1.30,2.49,2.49,73.24,80.16,17.06,4.26,22.94,27.85,1.18,1.31,3.42,3.08,2.53,1.41,36.96,24.16,17.68,17.86,29.85,29.85,9.95,8.08,0.00,0.00,1.19,1.19,2.50,2.85,1.57,0.77,1.99,2.48,0.00,0.00,0.00,0.00,1.42,1.42,0.00,1.99,0.00,0.00,0.00,0.00,0.00,0.00,0.00,0.00,0.00,0.00,0.00,0.00,0.00,0.00,0.00,0.00,0.00,0.00,0.00,0.00,0.00,0.00,0.00,0.00,0.00,0.00,0.00,0.00,0.00,0.00,0.00,0.00,0.00,0.00,0.00,0.00,0.00,0.00,0.00,0.00,0.00,0.00,0.00,0.00,0.00,0.00,0.00,0.00,0.00,0.00,0.00,0.00,0.53,0.89,1.53,1.71,3.07,2.66,17.37,17.36,0.00,0.00,0.00,1.87,0.00,0.51,0.00,0.00,1.24,0.99,0.00,0.81,0.00,0.00,0.00,29.85,0.00,0.00,0.00,0.00,0.00,0.00,0.00,0.00,29.85,29.85,29.85,0.00,2.49,2.60,0.00,0.00,0.00,0.00,0.00,0.00,0.00,0.00,0.00,0.00,0.00,0.00,0.00,0.00,0.00,0.00,0.00,0.00,0.00,0.00,0.00,0.00,0.00,0.00,0.00,0.00,0.00,0.00,0.00,0.00,0.00,0.00,0.00,0.00,0.00,0.00,0.00,0.00,0.00,0.00,0.00,0.00,0.00,0.00,0.00,0.00,0.00,0.00,0.00,0.00,0.00,0.00,0.00,0.00,0.00,0.00,0.00,0.00,0.00,0.00,0.00,0.00,0.00,0.00,0.00,0.00,0.00,0.00,0.00,0.00,0.00,0.00,0.00,0.00,0.00,0.00,0.00,0.00,0.00,0.00,0.00,0.00,0.00,0.00,0.00,0.00,0.00,0.00,0.00,0.00,0.00,0.00,0.00,0.00,0.00,0.00,0.00,0.00,0.00,0.47,0.97,0.00,0.00,0.00,0.00,0.02,0.01,0.40,0.92,1.66,1.33,2.84,3.10,3.55,3.35,9.95,0.00,3.70,3.25,4.06,3.30,0.00,0.00,0.00,3.67,3.17,1.00,1.99,3.48,1.00,0.36,0.42,2.30,0.00,0.62,1.06,4.26,0.00,0.00,1.07,2.84,0.00,2.26,1.14,0.00,1.02,0.84,0.00,0.00,3.51,3.32,0.00,4.26,0.00,5.97,1.14,0.95,0.00,0.00,0.00,0.00,0.00,0.00,0.00,1.15,0.90,1.39,0.35,1.87,2.94,2.11,0.26,0.79,2.30,1.15,0.00,0.00,0.00,0.00,0.00,0.00,0.00,0.00,0.00,0.00
13050.5,-2.000,7.000,0.000,0.000,0.000,0,0,0.852,0,0.003,0.000,0.008,0.000,0.014,2.13,1.60,1.26,2.49,2.49,74.35,78.48,17.06,12.79,23.55,28.46,0.80,0.59,4.68,4.16,3.12,1.92,29.85,22.74,18.73,18.09,59.70,0.00,15.55,10.57,0.00,0.00,1.59,1.99,2.75,2.66,0.00,1.53,1.71,2.53,0.00,0.00,0.00,0.00,0.00,0.00,2.30,0.00,0.00,0.00,0.00,0.00,0.00,0.00,0.00,0.00,0.00,0.00,0.00,0.00,0.00,0.00,0.00,0.00,0.00,0.00,0.00,0.00,0.00,0.00,0.00,0.00,0.00,0.00,0.00,0.00,0.00,0.00,0.00,0.00,0.00,0.00,0.00,0.00,0.00,0.00,0.00,0.00,0.00,0.00,0.00,0.00,0.00,0.00,0.00,0.00,0.00,0.00,0.00,0.00,0.88,1.25,0.77,3.41,3.18,2.93,17.17,16.86,0.00,0.00,2.30,1.87,1.01,0.51,0.00,0.00,1.08,1.19,0.00,1.61,0.00,3.73,0.00,0.00,0.00,0.00,29.85,29.85,0.00,0.00,0.00,0.00,0.00,0.00,29.85,0.00,0.00,0.00,0.00,0.00,0.00,0.00,0.00,0.00,0.00,0.00,0.00,0.00,0.00,0.00,0.00,0.00,0.00,0.00,0.00,0.00,0.00,0.00,0.00,0.00,0.00,0.00,0.00,0.00,0.00,0.00,0.00,0.00,0.00,0.00,29.85,0.00,0.00,0.00,0.00,0.00,0.00,0.00,0.00,0.00,0.00,0.00,0.00,0.00,0.00,0.00,0.00,0.00,0.00,0.00,0.00,0.00,0.00,0.00,0.00,0.00,0.00,0.00,0.00,0.00,0.00,0.00,0.00,0.00,0.00,0.00,0.00,0.00,0.00,0.00,0.00,0.00,0.00,0.00,0.00,0.00,0.00,0.00,0.00,0.00,0.00,0.00,0.00,0.00,0.00,0.00,0.00,0.00,0.00,0.00,0.00,0.00,0.00,0.00,0.00,0.00,0.00,0.35,0.24,0.00,0.00,0.00,0.00,0.02,0.01,0.00,0.31,0.83,1.23,2.91,2.73,2.50,2.93,0.00,0.00,2.68,2.07,3.05,3.99,0.00,2.30,0.00,1.38,0.45,1.00,0.50,0.00,0.00,0.36,0.84,0.00,0.00,1.54,0.79,0.00,0.00,9.95,1.07,0.00,0.98,0.91,0.83,14.93,1.21,0.90,0.00,0.00,4.39,2.65,0.00,0.00,3.32,0.00,0.97,1.26,0.00,0.00,0.00,0.00,0.00,0.00,0.00,2.30,1.36,0.93,1.76,2.49,2.94,1.05,1.29,1.31,2.30,8.04,0.00,0.00,0.00,0.00,0.00,0.00,0.00,0.00,0.00,0.00
13150.5,-2.000,7.000,0.000,0.000,0.000,0,0,0.853,0,0.001,0.000,0.001,0.000,0.003,2.13,0.82,1.16,4.98,2.49,73.66,79.88,8.53,8.53,23.29,26.47,0.78,1.06,3.42,4.16,2.71,1.71,35.54,24.16,15.80,19.13,29.85,0.00,10.57,7.46,0.00,0.00,1.19,1.59,3.04,3.03,0.00,0.77,2.50,3.37,0.00,0.00,9.95,9.95,0.00,0.00,2.30,0.00,0.00,1.57,0.00,0.00,0.00,0.00,0.00,0.00,0.00,0.00,0.00,0.00,0.00,0.00,0.00,0.00,0.00,0.00,0.00,0.00,0.00,0.00,0.00,0.00,0.00,0.00,0.00,0.00,0.00,0.00,0.00,0.00,0.00,0.00,0.00,0.00,0.00,0.00,0.00,0.00,0.00,0.00,0.00,0.00,0.00,0.00,0.00,0.00,0.00,0.00,0.00,0.00,0.88,1.07,1.53,0.85,2.65,3.49,17.35,17.36,7.46,0.00,2.30,3.73,0.00,1.01,0.00,0.00,1.08,0.89,0.00,2.42,0.00,0.00,0.00,29.85,0.00,0.00,0.00,0.00,0.00,0.00,0.00,0.00,0.00,0.00,29.85,0.00,1.24,0.00,0.00,0.00,0.00,0.00,0.00,0.00,0.00,0.00,0.00,0.00,0.00,0.00,0.00,0.00,0.00,0.00,0.00,0.00,14.93,14.93,0.00,0.00,0.00,0.00,0.00,0.00,0.00,0.00,0.00,0.00,0.00,0.00,0.00,0.00,0.00,0.00,0.00,0.00,0.00,0.00,0.00,0.00,0.00,0.00,0.00,0.00,0.00,0.00,0.00,0.00,0.00,0.00,0.00,0.00,0.00,0.00,0.00,0.00,0.00,0.00,0.00,0.00,0.00,0.00,0.00,0.00,0.00,0.00,0.00,0.00,0.00,0.00,0.00,0.00,0.00,0.00,0.00,0.00,0.00,0.00,0.00,0.00,0.00,0.00,0.00,0.00,0.00,0.00,0.00,0.00,0.00,0.00,0.00,0.00,0.00,0.00,0.00,0.00,0.00,0.47,0.73,0.00,0.00,0.00,0.00,0.02,0.00,0.40,0.00,1.55,0.82,2.58,3.01,2.89,2.65,0.00,0.00,2.49,2.49,2.84,3.47,0.00,0.00,0.00,1.84,0.90,1.49,1.00,0.00,0.00,0.36,0.63,0.00,0.00,1.23,0.79,0.00,0.00,0.00,1.07,0.47,0.49,0.51,0.56,0.00,1.02,0.73,0.00,0.00,3.07,1.99,0.00,8.53,0.00,0.00,1.01,0.89,0.00,0.00,0.00,0.00,0.00,0.00,1.11,2.30,0.90,2.08,1.76,0.62,1.96,1.76,0.77,1.05,1.15,1.15,0.00,0.00,0.00,0.00,0.00,0.00,0.00,0.00,0.00,0.00
13250.5,-2.000,7.000,0.000,0.000,0.000,0,0,0.853,0,0.000,0.000,0.000,0.000,0.070,0.00,1.14,0.70,2.49,2.49,73.94,79.60,8.53,12.79,20.22,28.90,0.84,0.99,3.06,2.17,2.23,1.22,34.12,24.16,15.69,19.94,29.85,29.85,9.95,7.46,0.00,0.00,0.40,0.00,2.16,2.26,0.79,0.77,2.18,2.06,0.00,0.00,0.00,0.00,0.00,0.00,2.30,1.99,1.49,0.00,0.00,0.00,0.00,0.00,0.00,0.00,0.00,0.00,0.00,0.00,0.00,0.00,0.00,0.00,0.00,0.00,0.00,0.00,0.00,0.00,0.00,0.00,0.00,0.00,0.00,0.00,0.00,0.00,0.00,0.00,0.00,0.00,0.00,0.00,0.00,0.00,0.00,0.00,0.00,0.00,0.00,0.00,0.00,0.00,0.00,0.00,0.00,0.00,0.00,0.00,0.71,0.89,0.77,1.71,2.78,3.00,16.91,17.36,7.46,0.00,2.30,0.00,1.01,1.52,0.00,0.00,1.70,0.69,0.00,0.00,0.00,0.00,0.00,29.85,0.00,0.00,0.00,0.00,0.00,29.85,0.00,0.00,0.00,0.00,29.85,0.00,1.24,0.00,0.00,0.00,0.00,0.00,0.00,0.00,0.00,0.00,0.00,0.00,0.00,0.00,0.00,0.00,0.00,0.00,0.00,0.00,0.00,0.00,0.00,0.00,0.00,0.00,0.00,0.00,0.00,0.00,0.00,0.00,0.00,0.00,0.00,0.00,0.00,0.00,0.00,0.00,0.00,0.00,0.00,0.00,0.00,0.00,0.00,0.00,0.00,0.00,0.00,0.00,0.00,0.00,0.00,0.00,0.00,0.00,0.00,0.00,0.00,0.00,0.00,0.00,0.00,0.00,0.00,0.00,0.00,0.00,0.00,0.00,0.00,0.00,0.00,0.00,0.00,0.00,0.00,0.00,0.00,0.00,0.00,0.00,0.00,0.00,0.00,0.00,0.00,0.00,0.00,0.00,0.00,0.00,0.00,0.00,0.00,0.00,0.00,0.00,0.00,0.71,0.61,0.00,0.00,0.00,0.00,0.03,0.01,0.40,0.92,1.66,1.33,3.02,2.60,2.76,2.93,9.95,4.98,2.55,2.90,2.84,2.95,0.00,0.00,0.00,1.38,4.07,0.00,1.99,0.50,1.49,0.71,1.05,0.00,0.00,1.85,0.53,0.00,0.00,0.00,1.07,0.00,0.49,1.06,1.22,0.00,0.83,0.56,0.00,0.00,2.19,2.65,3.73,0.00,0.00,0.00,0.96,1.18,0.00,0.00,0.00,0.00,0.00,0.00,0.00,2.30,1.58,0.69,2.81,0.93,0.49,2.11,0.77,1.05,1.15,1.15,0.00,0.00,0.00,0.00,0.00,0.00,0.00,0.00,0.00,0.00
13350.5,-2.000,7.000,0.000,0.000,0.000,0,0,0.853,0,0.000,0.000,0.000,0.000,0.013,0.00,1.03,1.13,2.49,2.49,73.80,80.16,12.79,21.32,22.06,30.46,1.14,1.01,3.06,3.08,2.43,2.31,29.85,25.59,17.56,17.98,29.85,29.85,8.71,10.57,0.00,0.00,1.99,1.19,2.45,2.46,0.00,1.53,1.67,2.39,0.00,0.00,0.00,0.00,1.42,0.00,0.00,1.99,0.00,0.00,0.00,0.00,0.00,0.00,0.00,0.00,0.00,0.00,0.00,0.00,0.00,0.00,0.00,0.00,0.00,0.00,0.00,0.00,0.00,0.00,0.00,0.00,0.00,0.00,0.00,0.00,0.00,0.00,0.00,0.00,0.00,0.00,0.00,0.00,0.00,0.00,0.00,0.00,0.00,0.00,0.00,0.00,0.00,0.00,0.00,0.00,0.00,0.00,0.00,0.00,1.41,0.71,0.77,0.00,2.78,3.03,17.79,18.57,0.00,0.00,0.00,1.87,0.00,1.52,0.00,0.00,0.93,1.38,0.00,3.23,0.00,0.00,0.00,0.00,0.00,0.00,0.00,0.00,0.00,0.00,0.00,0.00,0.00,0.00,0.00,0.00,0.00,0.00,0.00,0.00,0.00,0.00,0.00,0.00,0.00,0.00,0.00,0.00,0.00,0.00,0.00,0.00,0.00,0.00,0.00,0.00,0.00,0.00,0.00,0.00,0.00,0.00,0.00,0.00,0.00,0.00,0.00,0.00,0.00,0.00,0.00,0.00,0.00,0.00,0.00,0.00,0.00,0.00,0.00,0.00,0.00,0.00,0.00,0.00,0.00,0.00,0.00,0.00,0.00,0.00,0.00,0.00,0.00,0.00,0.00,0.00,0.00,0.00,0.00,0.00,0.00,0.00,0.00,0.00,0.00,0.00,0.00,0.00,0.00,0.00,0.00,0.00,0.00,0.00,0.00,0.00,0.00,0.00,0.00,0.00,0.00,0.00,0.00,0.00,0.00,0.00,0.00,0.00,0.00,0.00,0.00,0.00,0.00,0.00,0.00,0.00,0.00,0.12,0.12,0.00,0.00,0.00,0.00,0.00,0.01,0.80,0.00,0.95,1.03,3.03,2.96,3.16,1.81,0.00,0.00,3.89,4.15,3.45,1.91,0.00,0.00,0.00,4.59,1.36,6.47,1.00,3.48,1.49,0.71,1.26,4.59,0.00,1.23,1.85,4.26,0.00,0.00,1.07,0.95,0.00,1.31,0.96,0.00,0.89,1.01,0.00,0.00,2.63,1.99,0.00,0.00,3.32,0.00,1.00,0.85,0.00,0.00,0.00,0.00,0.00,0.00,0.00,0.00,1.58,0.69,1.05,2.49,0.49,0.70,0.51,0.26,4.59,2.30,0.00,0.00,0.00,0.00,0.00,0.00,0.00,0.00,0.00,0.00
13450.5,-2.000,7.000,0.000,0.000,0.000,0,0,0.854,0,0.034,0.000,0.085,0.000,0.003,0.00,1.07,0.96,2.49,2.49,74.90,79.46,17.06,12.79,21.88,29.85,0.70,0.76,3.96,3.80,2.70,2.57,35.54,22.74,17.09,18.67,29.85,29.85,14.93,12.44,0.00,0.00,1.99,0.40,2.78,2.86,1.57,0.77,2.08,2.53,0.00,0.00,0.00,0.00,0.00,0.00,0.00,0.00,1.49,0.00,0.00,0.00,0.00,0.00,0.00,0.00,0.00,0.00,0.00,0.00,0.00,0.00,0.00,0.00,0.00,0.00,0.00,0.00,0.00,0.00,0.00,0.00,0.00,0.00,0.00,0.00,0.00,0.00,0.00,0.00,0.00,0.00,0.00,0.00,0.00,0.00,0.00,0.00,0.00,0.00,0.00,0.00,0.00,0.00,0.00,0.00,0.00,0.00,0.00,0.00,1.06,1.07,0.00,0.00,2.43,3.00,17.84,16.49,0.00,0.00,0.00,3.73,2.02,1.01,0.00,0.00,0.77,0.99,0.81,0.00,0.00,7.46,0.00,0.00,9.95,0.00,0.00,0.00,0.00,29.85,0.00,0.00,0.00,0.00,29.85,29.85,0.00,1.30,0.00,0.00,0.00,0.00,0.00,0.00,0.00,0.00,0.00,0.00,0.00,0.00,0.00,0.00,0.00,0.00,0.00,0.00,0.00,0.00,0.00,0.00,0.00,0.00,0.00,0.00,0.00,0.00,0.00,0.00,0.00,0.00,29.85,29.85,29.85,29.85,0.00,0.00,0.00,0.00,0.00,0.00,0.00,0.00,0.00,0.00,0.00,0.00,0.00,0.00,0.00,0.00,0.00,0.00,0.00,0.00,0.00,0.00,0.00,0.00,0.00,0.00,0.00,0.00,0.00,0.00,0.00,0.00,0.00,0.00,0.00,0.00,0.00,0.00,0.00,0.00,0.00,0.00,0.00,0.00,0.00,0.00,0.00,0.00,0.00,0.00,0.00,0.00,0.00,0.00,0.00,0.00,0.00,0.00,0.00,0.00,0.00,0.00,0.00,0.59,0.61,0.00,0.00,0.00,0.00,0.02,0.01,0.00,0.00,1.31,1.74,2.96,3.27,2.24,3.21,0.00,0.00,3.19,2.69,2.44,2.78,0.00,0.00,0.00,1.84,0.90,1.00,0.50,1.99,1.00,1.78,1.05,0.00,0.00,0.62,1.06,0.00,0.00,0.00,1.07,0.47,0.98,0.93,1.02,0.00,1.08,0.96,29.85,0.00,3.95,2.65,0.00,0.00,0.00,0.00,1.21,1.08,0.00,0.00,0.00,0.00,0.00,0.00,0.00,1.15,1.36,1.16,1.40,0.93,0.49,0.70,0.51,1.57,3.44,2.30,0.00,0.00,0.00,0.00,0.00,0.00,0.00,0.00,0.00,0.00
13550.5,-2.000,7.000,0.000,0.000,0.000,0,0,0.854,0,0.006,0.000,0.016,0.000,0.000,0.00,1.32,1.06,4.98,4.98,73.94,79.88,17.06,8.53,23.11,29.76,0.65,0.65,1.44,2.71,2.52,1.28,42.64,21.32,15.45,18.90,29.85,0.00,11.19,4.98,0.00,0.00,0.00,0.00,2.38,2.29,0.00,2.30,1.25,1.82,0.00,0.00,0.00,0.00,0.00,0.00,4.59,0.00,0.00,0.00,0.00,0.00,0.00,0.00,0.00,0.00,0.00,0.00,0.00,0.00,0.00,0.00,0.00,0.00,0.00,0.00,0.00,0.00,0.00,0.00,0.00,0.00,0.00,0.00,0.00,0.00,0.00,0.00,0.00,0.00,0.00,0.00,0.00,0.00,0.00,0.00,0.00,0.00,0.00,0.00,0.00,0.00,0.00,0.00,0.00,0.00,0.00,0.00,0.00,0.00,0.71,0.54,3.83,0.00,2.67,2.93,17.35,18.42,0.00,0.00,2.30,0.00,1.01,1.01,0.00,0.00,1.55,0.59,1.61,1.61,0.00,0.00,0.00,0.00,0.00,0.00,0.00,0.00,0.00,0.00,0.00,0.00,0.00,0.00,29.85,0.00,3.73,3.89,0.00,0.00,0.00,0.00,0.00,0.00,0.00,0.00,0.00,0.00,0.00,0.00,0.00,0.00,0.00,0.00,0.00,0.00,0.00,0.00,0.00,0.00,0.00,0.00,0.00,0.00,0.00,0.00,0.00,0.00,0.00,0.00,0.00,0.00,0.00,0.00,0.00,0.00,0.00,0.00,0.00,0.00,0.00,0.00,0.00,0.00,0.00,0.00,0.00,0.00,0.00,0.00,0.00,0.00,0.00,0.00,0.00,0.00,0.00,0.00,0.00,0.00,0.00,0.00,0.00,0.00,0.00,0.00,0.00,0.00,0.00,0.00,0.00,0.00,0.00,0.00,0.00,0.00,0.00,0.00,0.00,0.00,0.00,0.00,0.00,0.00,0.00,0.00,0.00,0.00,0.00,0.00,0.00,0.00,0.00,0.00,0.00,0.00,0.00,0.12,0.61,0.00,0.00,0.00,0.00,0.02,0.02,0.80,1.23,0.83,1.13,3.02,3.31,3.68,2.51,0.00,0.00,2.81,3.32,2.64,2.43,0.00,2.30,14.93,1.84,1.36,1.49,1.49,1.00,0.50,1.42,0.21,4.59,0.00,0.00,1.06,0.00,0.00,0.00,0.00,0.95,3.43,1.16,1.52,0.00,1.08,1.13,0.00,0.00,1.76,1.33,0.00,0.00,0.00,0.00,1.00,1.09,0.00,0.00,0.00,0.00,0.00,0.00,1.11,0.00,1.36,0.69,0.35,0.93,0.98,1.76,0.26,1.05,2.30,0.00,0.00,0.00,0.00,0.00,0.00,0.00,0.00,0.00,0.00,0.00
13650.5,-2.000,7.000,0.000,0.000,0.000,0,0,0.855,0,0.153,0.142,0.171,0.000,0.844,4.26,1.21,0.93,2.49,2.49,75.59,79.88,12.79,12.79,22.32,30.63,1.01,1.06,3.42,3.44,2.60,2.44,34.12,28.43,16.74,18.67,59.70,29.85,13.68,14.93,0.00,0.00,2.79,1.59,2.76,2.67,0.00,2.30,3.24,2.48,0.00,0.00,0.00,0.00,1.42,0.00,0.00,0.00,0.00,0.00,0.00,0.00,0.00,0.00,0.00,0.00,0.00,0.00,0.00,0.00,0.00,0.00,0.00,0.00,0.00,0.00,0.00,0.00,0.00,0.00,0.00,0.00,0.00,0.00,0.00,0.00,0.00,0.00,0.00,0.00,0.00,0.00,0.00,0.00,0.00,0.00,0.00,0.00,0.00,0.00,0.01,0.01,0.00,0.00,0.00,0.00,0.00,0.00,0.00,0.00,1.77,1.07,0.77,2.56,3.13,2.75,18.42,18.28,0.00,0.00,0.00,0.00,0.00,0.51,0.00,0.00,1.24,1.09,0.81,1.61,0.00,0.00,0.00,0.00,0.00,0.00,0.00,29.85,0.00,0.00,0.00,0.00,0.00,0.00,29.85,0.00,3.73,0.00,0.00,0.00,0.00,0.00,0.00,0.00,0.00,0.00,0.00,0.00,0.00,0.00,0.00,0.00,0.00,0.00,0.00,0.00,14.93,0.00,59.70,59.70,149.25,149.25,59.70,59.70,0.00,0.00,0.00,0.00,0.00,0.00,29.85,0.00,0.00,0.00,0.00,0.00,0.00,0.00,29.85,29.85,0.00,0.00,0.00,0.00,0.00,0.00,29.85,29.85,0.00,0.00,0.00,0.00,0.00,29.85,39.80,0.00,0.00,0.00,0.00,0.00,0.00,0.00,0.00,0.00,0.00,0.00,0.00,0.00,0.00,0.00,0.00,0.00,0.00,0.00,0.00,0.00,0.00,0.00,0.00,0.00,0.00,0.00,0.00,0.00,0.00,0.00,0.00,0.00,0.00,0.00,0.00,0.00,0.00,0.00,0.00,0.00,0.00,0.47,0.61,0.00,0.00,0.00,0.00,0.02,0.01,0.40,0.62,1.43,0.92,2.81,2.96,2.24,2.23,0.00,0.00,2.68,2.49,3.25,3.12,0.00,2.30,0.00,1.38,1.81,2.99,1.49,0.50,1.49,1.07,1.26,0.00,0.00,0.62,0.53,0.00,4.26,0.00,1.07,0.95,2.45,1.03,0.69,0.00,0.95,1.01,0.00,0.00,4.39,3.32,0.00,0.00,0.00,2.99,1.00,1.05,0.00,0.00,0.00,0.00,0.00,0.00,0.00,0.00,2.26,1.62,1.40,0.62,0.49,1.05,1.29,1.05,4.59,1.15,0.00,0.00,0.00,0.00,0.00,0.00,0.00,0.00,0.00,0.00
13750.5,-2.000,7.000,0.000,0.000,0.000,0,0,0.855,0,0.029,0.027,0.032,0.000,0.159,0.00,1.07,0.96,4.98,4.98,72.97,80.16,12.79,21.32,21.88,30.54,0.93,0.95,3.78,3.26,2.24,2.47,32.69,29.85,17.09,16.83,29.85,29.85,8.08,10.57,0.00,0.00,0.00,2.39,1.98,2.11,3.93,0.77,1.25,1.97,0.00,0.00,0.00,0.00,2.84,1.42,0.00,1.99,0.00,0.00,0.00,0.00,0.00,0.00,0.00,0.00,0.00,0.00,0.00,0.00,0.00,0.00,0.00,0.00,0.00,0.00,0.00,0.00,0.00,0.00,0.00,0.00,0.00,0.00,0.00,0.00,0.00,0.00,0.00,0.00,0.00,0.00,0.00,0.00,0.00,0.00,0.00,0.00,0.00,0.00,0.00,0.00,0.00,0.00,0.00,0.00,0.00,0.00,0.00,0.00,1.41,1.61,0.00,0.00,2.78,3.10,17.01,16.26,0.00,14.93,2.30,3.73,0.51,0.51,0.00,0.00,0.62,0.59,0.00,0.81,0.00,3.73,0.00,0.00,0.00,0.00,0.00,29.85,0.00,0.00,0.00,0.00,0.00,0.00,0.00,0.00,1.24,0.00,0.00,0.00,0.00,0.00,0.00,0.00,0.00,0.00,0.00,0.00,0.00,0.00,0.00,0.00,0.00,0.00,0.00,0.00,14.93,0.00,0.00,0.00,0.00,0.00,0.00,0.00,0.00,0.00,0.00,0.00,0.00,0.00,0.00,0.00,0.00,0.00,0.00,0.00,0.00,0.00,0.00,0.00,0.00,0.00,0.00,0.00,0.00,0.00,0.00,0.00,0.00,0.00,0.00,0.00,0.00,0.00,0.00,0.00,0.00,0.00,0.00,0.00,0.00,0.00,0.00,0.00,0.00,0.00,0.00,0.00,0.00,0.00,0.00,0.00,0.00,0.00,0.00,0.00,0.00,0.00,0.00,0.00,0.00,0.00,0.00,0.00,0.00,0.00,0.00,0.00,0.00,0.00,0.00,0.00,0.00,0.00,0.00,0.00,0.00,0.12,0.12,0.00,0.00,0.00,0.00,0.01,0.01,0.80,0.31,1.19,0.62,2.67,3.00,2.89,2.09,0.00,0.00,2.74,2.90,3.66,1.91,0.00,0.00,0.00,1.38,0.90,0.50,3.48,2.99,1.49,1.07,0.63,0.00,0.00,0.92,0.53,0.00,8.53,0.00,3.20,0.95,1.47,0.82,1.22,0.00,0.76,0.79,0.00,0.00,3.07,2.65,0.00,0.00,0.00,0.00,1.03,1.02,0.00,29.85,0.00,0.00,0.00,0.00,0.00,0.00,0.45,0.69,1.05,0.31,1.96,0.35,1.54,1.57,0.00,0.00,0.00,0.00,0.00,0.00,0.00,0.00,0.00,0.00,0.00,0.00
13850.5,-2.000,7.000,0.000,0.000,0.000,0,0,0.855,0,0.175,0.204,0.132,0.093,0.030,2.13,1.18,1.20,9.95,2.49,76.42,78.62,12.79,17.06,23.11,27.85,1.18,1.10,4.86,3.80,2.46,2.21,28.43,18.48,18.50,19.59,0.00,29.85,9.95,9.33,0.00,0.00,0.80,0.80,2.36,2.24,0.00,0.77,2.13,2.67,0.00,0.00,0.00,0.00,0.00,0.00,0.00,0.00,0.00,0.00,0.00,0.00,0.00,0.00,0.00,0.00,0.00,0.00,0.00,0.00,0.00,0.00,0.00,0.00,0.00,0.00,0.00,0.00,0.00,0.00,0.00,0.00,0.00,0.00,0.00,0.00,0.00,0.00,0.00,0.00,0.00,0.00,0.00,0.00,0.00,0.00,0.00,0.00,0.00,0.00,0.00,0.00,0.00,0.00,0.00,0.00,0.00,0.00,0.00,0.00,0.71,1.25,0.00,1.71,3.22,2.80,17.84,18.05,0.00,0.00,2.30,0.00,1.01,0.51,0.00,0.00,0.77,0.89,1.61,0.81,0.00,3.73,0.00,0.00,0.00,0.00,0.00,0.00,0.00,0.00,0.00,0.00,0.00,29.85,0.00,0.00,0.00,0.00,0.00,0.00,0.00,0.00,0.00,0.00,0.00,0.00,0.00,0.00,0.00,0.00,0.00,0.00,0.00,0.00,0.00,0.00,0.00,0.00,0.00,0.00,0.00,0.00,0.00,0.00,0.00,0.00,0.00,0.00,0.00,0.00,0.00,0.00,0.00,0.00,0.00,0.00,0.00,0.00,0.00,0.00,0.00,0.00,0.00,0.00,0.00,0.00,0.00,0.00,0.00,0.00,0.00,0.00,0.00,0.00,0.00,0.00,0.00,0.00,0.00,0.00,0.00,0.00,0.00,0.00,0.00,0.00,0.00,0.00,0.00,0.00,0.00,0.00,0.00,0.00,0.00,0.00,0.00,0.00,0.00,0.00,0.00,0.00,0.00,0.00,0.00,0.00,0.00,0.00,0.00,0.00,0.00,0.00,0.00,0.00,0.00,0.00,0.00,0.24,0.12,0.00,0.00,0.00,0.00,0.01,0.02,0.80,0.31,2.02,1.74,2.74,3.00,3.02,3.63,0.00,0.00,2.55,3.32,2.23,2.95,0.00,0.00,0.00,3.67,2.26,1.49,7.46,4.48,5.97,0.36,1.05,0.00,2.99,0.92,0.53,0.00,4.26,0.00,0.00,2.37,1.47,1.61,1.16,0.00,1.08,0.79,0.00,14.93,3.07,3.98,0.00,0.00,3.32,0.00,1.17,1.18,0.00,0.00,0.00,0.00,0.00,0.00,3.32,2.30,2.04,1.85,2.11,1.24,0.00,1.76,0.77,1.31,5.74,3.44,0.00,0.00,0.00,0.00,0.00,0.00,0.00,0.00,0.00,0.00
13950.5,-2.000,7.000,0.000,0.000,0.000,0,0,0.856,0,0.033,0.039,0.025,0.018,0.006,4.26,1.14,1.23,2.49,2.49,75.87,80.02,12.79,12.79,20.05,29.50,0.97,0.89,2.70,3.44,2.66,2.15,32.69,27.01,15.92,17.86,29.85,0.00,11.82,9.33,0.00,0.00,1.59,0.40,2.18,2.42,3.14,1.53,1.43,2.71,0.00,0.00,0.00,0.00,1.42,0.00,0.00,1.99,0.00,0.00,0.00,0.00,0.00,0.00,0.00,0.00,0.00,0.00,0.00,0.00,0.00,0.00,0.00,0.00,0.00,0.00,0.00,0.00,0.00,0.00,0.00,0.00,0.00,0.00,0.00,0.00,0.00,0.00,0.00,0.00,0.00,0.00,0.00,0.00,0.00,0.00,0.00,0.00,0.00,0.00,0.00,0.00,0.00,0.00,0.00,0.00,0.00,0.00,0.00,0.00,1.06,0.89,0.77,0.00,2.61,3.05,18.00,18.07,0.00,0.00,0.00,0.00,2.02,3.54,0.00,0.00,1.08,0.30,2.42,0.81,0.00,0.00,0.00,0.00,0.00,0.00,0.00,0.00,0.00,0.00,0.00,0.00,0.00,0.00,0.00,0.00,0.00,1.30,0.00,0.00,0.00,0.00,0.00,0.00,0.00,0.00,0.00,0.00,0.00,0.00,0.00,0.00,0.00,0.00,0.00,0.00,0.00,0.00,0.00,0.00,0.00,0.00,0.00,0.00,0.00,0.00,0.00,0.00,0.00,0.00,0.00,0.00,0.00,0.00,0.00,0.00,0.00,0.00,0.00,0.00,0.00,0.00,0.00,0.00,0.00,0.00,0.00,0.00,29.85,0.00,0.00,0.00,0.00,0.00,0.00,0.00,0.00,0.00,0.00,0.00,0.00,0.00,0.00,0.00,0.00,0.00,0.00,0.00,0.00,0.00,0.00,0.00,0.00,0.00,0.00,0.00,0.00,0.00,0.00,0.00,0.00,0.00,0.00,0.00,0.00,0.00,0.00,0.00,0.00,0.00,0.00,0.00,0.00,0.00,0.00,0.00,0.00,0.24,0.36,0.00,0.00,0.00,0.00,0.01,0.00,2.39,0.31,0.95,1.23,2.91,2.83,2.50,4.32,0.00,0.00,3.44,2.97,4.06,2.78,0.00,0.00,14.93,2.76,0.45,0.50,0.00,0.50,1.00,1.07,0.84,4.59,0.00,1.54,0.79,0.00,0.00,0.00,0.00,0.00,0.49,0.99,0.73,0.00,1.27,0.68,0.00,0.00,3.51,4.64,3.73,4.26,0.00,2.99,0.90,1.21,0.00,0.00,29.85,14.93,0.00,0.00,0.00,0.00,1.36,0.69,0.35,1.87,1.96,0.70,0.77,0.79,2.30,1.15,0.00,0.00,0.00,0.00,0.00,0.00,0.00,0.00,0.00,0.00
